0,0,154,-21,70,141,1356.2,2453
2,0,155,-21,72,144,1356,2527.6
3,0,154,-21,70,141,1356.2,2453
7,0,153,-21,71,142,1353.3,2478.2
10,0,153,-21,71,142,1353.3,2478.2
13,0,154,-21,70,141,1356.2,2453
15,0,155,-21,72,144,1356,2527.6
17,0,154,-21,70,141,1356.2,2453
20,0,155,-20,69,138,1360.8,2401.6
21,0,154,-21,70,141,1356.2,2453
22,0,155,-21,72,144,1356,2527.6
23,0,155,-19,64,128,1370.7,2154
24,0,155,-19,64,128,1370.7,2154
25,0,155,-21,72,144,1356,2527.6
27,0,155,-21,72,144,1356,2527.6
28,0,155,-20,69,138,1360.8,2401.6
29,0,155,-20,69,138,1360.8,2401.6
30,0,153,-21,71,142,1353.3,2478.2
31,0,154,-21,70,141,1356.2,2453
32,0,154,-21,70,141,1356.2,2453
33,0,154,-21,70,141,1356.2,2453
34,0,155,-20,69,138,1360.8,2401.6
36,0,154,-21,70,141,1356.2,2453
37,0,155,-20,69,138,1360.8,2401.6
38,0,154,-21,70,141,1356.2,2453
38,1,85,31,52,104,1158.7,2803.1
39,0,153,-20,69,138,1355.8,2401.7
39,1,86,28,53,106,1162.5,2781.8
40,1,85,33,52,104,1157.9,2844.9
41,0,155,-21,72,144,1356,2527.6
41,1,85,29,54,107,1160.5,2824.1
42,0,154,-21,70,141,1356.2,2453
42,1,86,28,53,106,1162.5,2781.8
43,0,155,-21,72,144,1356,2527.6
43,1,86,28,53,106,1162.5,2781.8
44,0,154,-21,70,141,1356.2,2453
44,1,86,21,54,109,1165.5,2694.2
45,0,154,-21,70,141,1356.2,2453
45,1,87,20,54,109,1168.3,2671.7
46,0,154,-21,70,141,1356.2,2453
46,1,88,29,55,110,1166.9,2885.8
47,1,89,23,54,109,1171.3,2738.4
48,1,88,25,57,114,1169,2885.7
49,1,88,25,57,114,1169,2885.7
50,1,89,27,55,110,1170,2844.8
51,0,153,-21,71,142,1353.3,2478.2
51,1,89,26,57,113,1171.2,2885.7
52,1,90,29,55,110,1171.2,2885.7
53,1,93,28,54,106,1179.3,2781.6
54,0,153,-21,71,142,1353.3,2478.2
54,1,92,26,54,109,1176.5,2802.9
55,1,92,23,55,110,1178.7,2760.1
56,0,154,-21,70,141,1356.2,2453
57,0,155,-21,72,144,1356,2527.6
57,1,94,14,56,113,1187.9,2625.5
58,1,93,12,59,118,1187.3,2693.9
59,1,93,12,59,118,1187.3,2693.9
60,1,95,20,58,115,1187.7,2802.8
61,0,155,-20,69,138,1360.8,2401.6
61,1,95,16,58,115,1190.1,2716.1
62,1,95,13,59,118,1191.2,2716.1
63,0,153,-21,71,142,1353.3,2478.2
63,1,95,13,60,120,1191.1,2759.9
64,0,153,-21,71,142,1353.3,2478.2
64,1,95,13,60,120,1191.1,2759.9
65,1,96,10,60,120,1195.3,2693.8
66,0,155,-20,69,138,1360.8,2401.6
66,1,97,21,57,114,1191,2802.7
67,1,97,18,58,114,1194,2738.1
68,1,97,12,59,118,1196.4,2693.8
69,1,97,12,59,118,1196.4,2693.8
70,0,155,-21,72,144,1356,2527.6
70,1,97,8,62,123,1199.2,2716
71,0,156,-21,70,138,1366.3,2375.4
71,1,97,12,58,118,1195.3,2693.8
72,0,154,-21,70,141,1356.2,2453
73,0,153,-21,71,142,1353.3,2478.2
74,1,95,-7,68,136,1202.9,2671.2
75,0,154,-21,70,141,1356.2,2453
75,1,99,1,62,125,1207.4,2601.9
76,0,154,-21,70,141,1356.2,2453
76,1,96,-2,66,133,1201.5,2716
77,1,96,10,59,119,1194.8,2671.3
78,0,154,-21,70,141,1356.2,2453
79,0,154,-21,70,141,1356.2,2453
80,0,156,-21,70,138,1366.3,2375.4
81,0,155,-21,72,144,1356,2527.6
82,1,97,-7,67,134,1207.8,2625.2
83,0,155,-21,72,144,1356,2527.6
83,1,95,-7,68,136,1202.9,2671.2
86,0,155,-21,72,144,1356,2527.6
86,1,97,-7,67,134,1207.8,2625.2
87,0,155,-21,72,144,1356,2527.6
88,0,154,-21,70,141,1356.2,2453
89,0,154,-21,70,141,1356.2,2453
90,0,155,-21,72,144,1356,2527.6
91,0,154,-21,70,141,1356.2,2453
91,1,93,-14,74,146,1203.1,2738
92,0,155,-21,72,144,1356,2527.6
94,0,155,-21,72,144,1356,2527.6
95,0,155,-21,72,144,1356,2527.6
96,0,155,-21,72,144,1356,2527.6
97,0,153,-21,71,142,1353.3,2478.2
98,1,92,-19,76,152,1202.4,2759.8
99,1,92,-19,76,152,1202.4,2759.8
100,2,47,67,58,114,1081.4,3576.2
101,0,155,-21,72,144,1356,2527.6
101,2,49,69,56,111,1083.1,3562.8
102,0,155,-21,72,144,1356,2527.6
102,2,51,68,57,114,1087.5,3589.5
103,0,155,-21,72,144,1356,2527.6
104,0,155,-21,72,144,1356,2527.6
108,0,154,-21,70,141,1356.2,2453
109,0,154,-21,70,141,1356.2,2453
110,2,65,58,59,118,1114.7,3508.1
111,0,154,-21,70,141,1356.2,2453
111,2,48,6,89,178,1110.1,3615.9
112,0,155,-21,72,144,1356,2527.6
112,2,70,69,55,110,1119.7,3549.5
113,0,154,-21,70,141,1356.2,2453
113,2,71,70,55,110,1121.3,3563
114,0,154,-21,70,141,1356.2,2453
114,2,71,70,55,110,1121.3,3563
115,0,153,-21,71,142,1353.3,2478.2
115,3,63,11,86,173,1133.7,3616.1
116,0,154,-21,70,141,1356.2,2453
116,2,72,43,69,138,1135.2,3576.5
117,0,155,-21,72,144,1356,2527.6
117,2,77,50,66,133,1140.9,3603.1
118,0,155,-21,72,144,1356,2527.6
118,2,81,53,65,129,1147.3,3589.9
119,0,155,-21,72,144,1356,2527.6
119,2,81,53,65,129,1147.3,3589.9
120,2,85,56,62,123,1152.7,3549.7
121,2,87,56,62,122,1156.6,3536
122,0,154,-21,70,141,1356.2,2453
122,2,88,53,62,123,1159.1,3508.3
123,0,155,-21,72,144,1356,2527.6
123,2,89,52,62,124,1160.9,3508.3
124,0,155,-21,72,144,1356,2527.6
124,2,89,52,62,124,1160.9,3508.3
125,0,154,-21,70,141,1356.2,2453
125,2,89,45,66,131,1164.5,3508.3
126,0,155,-21,72,144,1356,2527.6
126,2,92,50,62,125,1166.7,3494.3
127,2,91,43,67,134,1168.6,3522.3
128,0,155,-21,72,144,1356,2527.6
128,2,91,39,70,138,1171.3,3522.3
129,0,153,-21,71,142,1353.3,2478.2
129,2,92,40,70,138,1172.7,3536.1
130,2,93,42,69,137,1173.2,3549.8
131,0,155,-21,72,144,1356,2527.6
131,2,94,42,69,138,1174.6,3563.3
132,2,98,48,66,134,1178.2,3590.1
133,2,99,46,69,137,1182.2,3603.3
134,2,99,46,69,137,1182.2,3603.3
135,2,104,54,62,122,1188.1,3508.4
136,0,155,-20,69,138,1360.8,2401.6
136,2,108,63,57,113,1190.8,3508.4
137,2,103,47,66,130,1189.4,3522.4
138,2,107,53,59,118,1193.3,3436.8
139,2,107,53,59,118,1193.3,3436.8
140,2,109,56,62,122,1196.1,3536.2
141,0,155,-20,69,138,1360.8,2401.6
141,2,108,50,64,127,1196.6,3522.4
142,2,106,44,68,136,1195.1,3563.4
143,2,106,40,70,139,1197.4,3549.9
144,2,106,40,70,139,1197.4,3549.9
145,2,108,41,70,139,1200.4,3563.5
146,2,111,49,66,133,1201.1,3590.2
147,2,114,50,63,127,1206.5,3522.4
148,2,113,49,67,134,1205,3603.5
149,0,155,-20,69,138,1360.8,2401.6
149,2,115,51,65,130,1207.9,3577
150,2,117,50,66,131,1212.3,3577
151,2,119,52,64,128,1214.7,3563.5
152,2,120,51,62,126,1216.5,3522.5
153,2,122,53,61,122,1220.4,3494.5
154,2,122,53,61,122,1220.4,3494.5
155,2,124,54,59,118,1224.2,3451.5
156,2,125,55,59,118,1225.4,3466
157,2,126,53,61,121,1228.4,3480.3
158,2,126,56,58,116,1227,3451.5
159,2,127,56,58,116,1228.8,3451.5
160,2,128,53,58,116,1232.8,3407.3
161,2,128,53,58,116,1232.8,3407.3
162,2,129,57,58,114,1233.2,3436.9
163,2,129,56,57,114,1233,3422.2
164,2,129,55,58,117,1232.5,3451.5
165,2,129,53,59,118,1234.2,3436.9
166,2,131,57,58,114,1236.9,3436.9
167,2,131,55,59,118,1236.4,3466
168,2,132,49,61,122,1241.6,3436.9
169,2,132,49,61,122,1241.6,3436.9
170,2,132,45,63,127,1242.7,3451.6
171,2,133,44,62,125,1245.9,3407.3
172,2,135,46,61,122,1249.5,3392.3
172,4,111,4,55,110,1238.4,2298
173,2,134,45,63,126,1247.2,3437
173,4,111,-3,59,118,1242.4,2324.9
174,2,135,38,66,131,1253.4,3407.3
174,4,116,6,54,107,1250.8,2270.3
175,2,135,38,67,134,1252,3451.6
175,4,113,4,56,111,1243.7,2324.9
176,2,137,37,66,131,1258,3392.3
176,4,111,-3,59,118,1242.4,2324.9
177,2,138,36,67,134,1259.2,3422.2
177,4,116,6,54,107,1250.8,2270.3
178,2,141,43,62,125,1261.8,3392.3
178,4,111,-2,58,117,1241.2,2324.9
179,2,141,43,62,125,1261.8,3392.3
179,4,111,-2,58,117,1241.2,2324.9
180,2,143,44,62,122,1267.3,3361.8
181,2,144,40,62,125,1270.1,3346.4
182,2,145,41,62,122,1273.9,3315
182,4,104,-16,66,132,1232.7,2351.8
183,2,147,44,60,120,1274.9,3330.8
184,2,147,44,60,120,1274.9,3330.8
185,2,148,44,61,122,1275.9,3361.9
186,2,150,45,58,117,1280.6,3299.1
187,2,150,45,59,118,1280.6,3315
188,2,153,46,58,116,1286.5,3299.1
189,2,153,46,58,116,1286.5,3299.1
190,2,153,40,62,124,1288.4,3330.8
191,2,154,44,59,118,1289.4,3299.1
191,4,107,-21,70,140,1242.2,2429.8
191,5,92,10,57,113,1186.9,2530.5
192,2,156,49,57,113,1291.3,3299.1
192,5,92,10,57,113,1186.9,2530.5
193,2,157,51,55,111,1291.3,3299.1
193,4,97,-2,61,122,1205.8,2455.9
194,2,157,51,55,111,1291.3,3299.1
194,4,97,-2,61,122,1205.8,2455.9
195,2,161,52,55,110,1299.1,3299.1
196,2,165,52,54,107,1309.3,3250.3
197,2,166,54,54,107,1309,3283
197,4,91,10,57,113,1184.5,2530.6
197,6,107,-21,70,140,1242.2,2429.8
198,2,166,51,56,111,1309.8,3299.1
199,2,166,51,56,111,1309.8,3299.1
200,2,167,51,55,110,1311.9,3283
200,4,92,10,57,113,1186.9,2530.5
200,6,107,-21,70,140,1242.2,2429.8
201,2,167,50,56,113,1310.7,3315
201,4,93,17,54,107,1185.1,2554.7
201,6,107,-21,70,140,1242.2,2429.8
202,2,168,55,54,110,1308.5,3346.4
202,6,107,-21,70,140,1242.2,2429.8
203,2,171,55,54,108,1316.5,3315
203,4,93,16,54,109,1184.5,2578.6
203,6,107,-21,70,140,1242.2,2429.8
204,2,173,54,54,107,1322.7,3283
204,6,107,-21,70,140,1242.2,2429.8
205,2,177,55,54,106,1330.5,3283
205,6,107,-21,70,140,1242.2,2429.8
206,2,178,51,54,108,1335,3250.3
206,6,107,-21,70,140,1242.2,2429.8
207,2,179,53,53,106,1335.9,3250.3
207,6,107,-21,70,140,1242.2,2429.8
208,2,181,52,53,105,1342.5,3216.9
208,6,107,-21,70,140,1242.2,2429.8
209,2,181,52,54,106,1342.2,3233.7
209,4,93,20,54,108,1182.7,2648.7
209,6,107,-21,70,140,1242.2,2429.8
210,2,183,53,53,106,1343.9,3250.3
210,6,106,-14,67,134,1235.1,2455.3
211,2,185,52,54,109,1346.2,3282.9
211,6,108,-16,68,135,1242.2,2429.8
212,2,187,52,54,107,1352.8,3250.3
212,4,98,-8,66,131,1212,2530.1
213,2,188,54,54,109,1349.5,3315
214,2,188,52,55,110,1351.7,3299.1
214,4,100,-12,69,137,1218.7,2578.1
215,2,190,52,54,110,1354.7,3299
215,4,98,-7,67,134,1210.1,2625.2
216,2,190,52,54,109,1356,3282.9
217,2,176,-12,86,173,1359.9,3282.9
218,2,192,51,54,108,1362.7,3250.2
219,2,196,53,54,107,1369.2,3266.7
220,2,197,54,54,107,1369.7,3282.9
223,4,96,7,56,111,1198.7,2404.9
224,4,98,11,54,109,1199.7,2456
225,7,156,-20,68,136,1365.6,2349
226,7,155,-20,69,138,1360.8,2401.6
227,7,154,-21,70,141,1356.2,2453
228,7,155,-20,69,138,1360.8,2401.6
230,7,155,-20,69,138,1360.8,2401.6
231,4,98,11,54,109,1199.7,2456
231,7,156,-20,68,136,1365.6,2349
232,4,99,8,54,110,1203.7,2404.8
233,4,99,-3,59,118,1212.2,2325.6
234,4,99,-3,59,118,1212.2,2325.6
235,4,100,-3,59,119,1213.9,2352.2
236,4,99,-2,61,121,1211.5,2430.4
237,4,100,3,57,114,1210.6,2378.7
238,4,99,1,57,113,1210.5,2298.6
239,4,100,-3,62,123,1214.4,2455.7
239,7,155,-20,69,138,1360.8,2401.6
240,4,100,-21,70,140,1225,2430.1
241,4,100,-3,61,122,1213.9,2430.3
242,4,101,5,57,114,1211.5,2430.4
243,4,102,-2,62,122,1219.2,2455.6
244,4,101,-1,61,122,1214.8,2480.8
245,4,102,-3,62,123,1219.2,2455.6
246,4,102,-7,62,123,1222.7,2352
247,4,102,-3,62,123,1219.2,2455.6
248,4,102,-13,65,130,1225.5,2378.3
249,4,103,6,58,117,1214.4,2530.1
251,4,101,-3,59,118,1217.3,2325.5
252,4,110,-5,59,118,1241.9,2270.5
252,7,155,-20,69,138,1360.8,2401.6
253,4,105,-2,58,118,1225.2,2352
253,7,155,-20,69,138,1360.8,2401.6
254,4,105,-2,58,118,1225.2,2352
254,7,155,-20,69,138,1360.8,2401.6
255,4,102,6,58,115,1213.6,2480.8
256,4,101,17,52,104,1203.9,2481
256,7,155,-20,69,138,1360.8,2401.6
257,4,102,-13,65,130,1225.5,2378.3
257,7,155,-20,69,138,1360.8,2401.6
258,4,103,-10,66,130,1226.6,2455.5
258,7,155,-20,69,138,1360.8,2401.6
259,4,103,-12,64,127,1228.6,2325.2
261,4,103,-12,64,127,1228.6,2325.2
262,4,103,-12,66,130,1228.3,2404.3
263,4,103,-12,65,130,1227.1,2404.3
263,7,155,-20,69,138,1360.8,2401.6
264,4,103,-12,65,130,1227.1,2404.3
264,7,155,-20,69,138,1360.8,2401.6
265,4,104,-7,63,126,1226.2,2430.1
265,7,155,-20,69,138,1360.8,2401.6
266,4,102,-19,71,142,1227.6,2529.8
267,7,155,-20,69,138,1360.8,2401.6
270,4,103,-17,68,136,1229.9,2430
271,4,105,-12,65,130,1232,2404.2
272,7,155,-20,69,138,1360.8,2401.6
275,4,108,6,54,107,1230.4,2270.8
275,7,155,-20,69,138,1360.8,2401.6
276,4,105,-7,62,124,1229.2,2378.3
277,4,110,-4,61,121,1240.4,2378
280,4,110,-11,64,127,1245.2,2351.6
281,4,105,-20,69,138,1237,2404.1
282,4,108,-11,63,126,1239.9,2325
283,4,107,-6,62,125,1232.3,2430
284,4,107,-3,61,122,1231.1,2430
285,4,107,-6,62,125,1232.3,2430
287,4,113,-21,70,140,1256.9,2429.5
291,4,115,-20,69,138,1261.7,2403.6
293,4,115,-6,58,115,1257.9,2157
294,4,115,-6,58,115,1257.9,2157
