 97,0,288,56,64,128,320,120
 178,1,280,48,64,128,312,112
 179,1,280,48,64,128,312,112
 180,1,280,48,64,128,312,112
 181,1,280,48,64,128,312,112
 183,1,288,56,64,128,320,120
 185,1,288,56,64,128,320,120
 186,1,288,56,64,128,320,120
 186,2,288,48,64,128,320,112
 187,1,288,56,64,128,320,120
 188,1,288,56,64,128,320,120
 188,2,288,48,64,128,320,112
 189,1,288,56,64,128,320,120
 189,2,288,48,64,128,320,112
 190,1,288,56,64,128,320,120
 190,2,288,48,64,128,320,112
 191,1,288,56,64,128,320,120
 191,2,288,48,64,128,320,112
 193,1,288,56,64,128,320,120
 194,1,288,56,64,128,320,120
