 0,0,-35,35,71,141,0.5,105.5
 1,0,-35,32,71,142,0.5,103
 2,0,-36,31,72,143,0,102.5
 3,0,-35,36,70,140,0,106
 4,0,-35,37,70,139,0,106.5
 5,0,-35,34,70,140,0,104
 6,0,-36,31,72,144,0,103
 7,0,-35,37,69,138,-0.5,106
 8,0,-35,39,70,140,0,109
 9,0,-36,30,72,145,0,102.5
 10,0,-35,37,70,139,0,106.5
 11,0,-35,37,70,139,0,106.5
 12,0,-35,32,71,142,0.5,103
 13,0,-36,30,72,144,0,102
 14,0,-35,37,69,138,-0.5,106
 15,0,-35,40,69,138,-0.5,109
 16,0,-35,36,70,140,0,106
 17,0,-36,36,71,142,-0.5,107
 18,0,-36,35,71,142,-0.5,106
 19,0,-34,39,68,137,0,107.5
 20,0,-35,36,70,141,0,106.5
 21,0,-35,34,71,141,0.5,104.5
 22,0,-36,35,72,143,0,106.5
 23,0,-35,33,70,141,0,103.5
 24,0,-34,37,69,138,0.5,106
 25,0,-35,37,69,138,-0.5,106
 26,0,-36,33,72,143,0,104.5
 27,0,-36,33,72,143,0,104.5
 28,0,-35,32,71,142,0.5,103
 29,0,-35,40,69,138,-0.5,109
 30,0,-36,31,72,144,0,103
 31,0,-35,37,69,138,-0.5,106
 32,0,-36,33,71,142,-0.5,104
 33,0,-36,33,72,145,0,105.5
 34,0,-36,31,72,144,0,103
 35,0,-36,35,71,142,-0.5,106
 36,0,-34,36,69,138,0.5,105
 36,1,-63,50,127,254,0.5,177
 37,0,-35,38,70,140,0,108
 38,0,-34,39,69,137,0.5,107.5
 39,0,-36,31,71,142,-0.5,102
 40,0,-36,34,71,142,-0.5,105
 41,0,-35,33,70,139,0,102.5
 42,0,-36,34,72,143,0,105.5
 43,0,-36,37,71,143,-0.5,108.5
 44,0,-36,37,71,143,-0.5,108.5
 45,0,-36,30,72,144,0,102
 46,0,-35,32,71,142,0.5,103
 47,0,-34,39,69,138,0.5,108
 48,0,-34,36,69,137,0.5,104.5
 49,0,-36,34,72,143,0,105.5
 50,0,-35,35,70,141,0,105.5
 51,0,-36,38,72,143,0,109.5
 51,1,-65,47,129,258,-0.5,176
 52,0,-36,34,72,143,0,105.5
 53,0,-35,37,69,138,-0.5,106
 54,0,-36,33,72,143,0,104.5
 55,0,-34,35,69,138,0.5,104
 56,0,-34,35,69,138,0.5,104
 57,0,-36,36,71,142,-0.5,107
 58,0,-35,35,71,141,0.5,105.5
 59,0,-36,33,72,143,0,104.5
 60,0,-36,31,72,144,0,103
 61,0,-36,30,71,142,-0.5,101
 62,0,-35,33,70,139,0,102.5
 63,0,-36,32,72,143,0,103.5
 64,0,-36,35,72,143,0,106.5
 65,0,-35,32,71,142,0.5,103
 66,0,-35,32,71,142,0.5,103
 67,0,-35,35,70,140,0,105
 68,0,-35,33,70,140,0,103
 69,0,-35,36,71,141,0.5,106.5
 70,0,-35,36,70,140,0,106
 71,0,-35,36,70,140,0,106
 72,0,-35,38,70,140,0,108
 73,0,-34,34,69,138,0.5,103
 74,0,-35,37,70,139,0,106.5
 75,0,-35,35,71,141,0.5,105.5
 76,0,-35,35,71,141,0.5,105.5
 77,0,-35,37,70,140,0,107
 78,0,-35,33,70,139,0,102.5
 79,0,-35,38,70,140,0,108
 80,0,-35,33,70,139,0,102.5
 81,0,-34,38,69,138,0.5,107
 82,0,-35,35,70,139,0,104.5
 83,0,-35,37,69,138,-0.5,106
 84,0,-36,33,73,145,0.5,105.5
 85,0,-34,41,69,137,0.5,109.5
 86,0,-36,32,72,145,0,104.5
 87,0,-35,38,71,141,0.5,108.5
 88,0,-35,39,71,141,0.5,109.5
 89,0,-35,36,70,140,0,106
 90,0,-35,40,69,138,-0.5,109
 91,0,-35,40,69,138,-0.5,109
 92,0,-35,33,70,140,0,103
 93,0,-35,36,70,140,0,106
 94,0,-36,31,72,144,0,103
 95,0,-35,38,70,139,0,107.5
 95,2,-61,56,123,246,0.5,179
 96,0,-35,32,71,142,0.5,103
 97,0,-36,33,72,143,0,104.5
 98,0,-34,34,69,138,0.5,103
 99,0,-36,35,71,142,-0.5,106
 100,0,-35,36,70,141,0,106.5
 101,0,-35,37,69,138,-0.5,106
 102,0,-35,33,69,138,-0.5,102
 103,0,-35,39,69,138,-0.5,108
 104,0,-34,38,69,138,0.5,107
 104,2,-61,56,123,246,0.5,179
 105,0,-36,33,72,143,0,104.5
 106,0,-36,34,71,142,-0.5,105
 107,0,-35,40,69,138,-0.5,109
 108,0,-36,36,71,143,-0.5,107.5
 109,0,-34,39,69,138,0.5,108
 110,0,-35,37,69,139,-0.5,106.5
 111,0,-35,34,70,140,0,104
 112,0,-36,31,72,144,0,103
 113,0,-34,38,68,137,0,106.5
 114,0,-36,35,71,142,-0.5,106
 115,0,-34,39,69,138,0.5,108
 116,0,-35,40,69,138,-0.5,109
 117,0,-36,33,72,143,0,104.5
 118,0,-36,30,72,144,0,102
 119,0,-34,38,69,138,0.5,107
 120,0,-36,34,71,142,-0.5,105
 121,0,-35,34,70,140,0,104
 122,0,-36,33,72,143,0,104.5
 123,0,-35,33,70,140,0,103
 124,0,-35,34,71,141,0.5,104.5
 125,0,-35,34,71,141,0.5,104.5
 126,0,-34,38,68,137,0,106.5
 127,0,-35,32,71,142,0.5,103
 128,0,-36,34,72,144,0,106
 129,0,-35,38,70,139,0,107.5
 130,0,-35,36,71,142,0.5,107
 131,0,-35,38,70,140,0,108
 132,0,-36,33,72,143,0,104.5
 133,0,-35,34,70,139,0,103.5
 134,0,-35,32,70,139,0,101.5
 135,0,-34,36,69,138,0.5,105
 136,0,-34,35,69,138,0.5,104
 137,0,-34,38,68,137,0,106.5
 138,0,-35,34,71,141,0.5,104.5
 139,0,-35,31,71,141,0.5,101.5
 140,0,-35,36,71,141,0.5,106.5
 141,0,-36,36,72,143,0,107.5
 142,0,-35,35,70,140,0,105
 143,0,-35,35,70,139,0,104.5
 144,0,-34,41,69,137,0.5,109.5
 145,0,-36,35,71,142,-0.5,106
 146,0,-36,35,71,142,-0.5,106
 147,0,-34,37,69,138,0.5,106
 148,0,-35,33,70,140,0,103
 149,0,-35,34,71,141,0.5,104.5
 150,0,-35,36,70,140,0,106
 151,0,-35,34,70,139,0,103.5
 152,0,-36,36,71,142,-0.5,107
 153,0,-36,34,71,142,-0.5,105
 154,0,-35,38,70,140,0,108
 155,0,-35,32,71,142,0.5,103
 156,0,-35,32,71,142,0.5,103
 157,0,-35,36,71,142,0.5,107
 158,0,-36,34,71,142,-0.5,105
 159,0,-36,31,71,142,-0.5,102
 160,0,-35,35,70,139,0,104.5
 161,0,-35,35,70,139,0,104.5
 162,0,-36,31,71,142,-0.5,102
 163,0,-34,36,69,137,0.5,104.5
 164,0,-34,34,69,138,0.5,103
 165,0,-35,37,69,139,-0.5,106.5
 165,3,-64,50,127,254,-0.5,177
 166,0,-35,37,69,139,-0.5,106.5
 167,0,-36,35,71,142,-0.5,106
 168,0,-36,34,72,143,0,105.5
 169,0,-36,36,72,143,0,107.5
 170,0,-35,34,70,139,0,103.5
 171,0,-36,35,71,142,-0.5,106
 172,0,-35,35,70,140,0,105
 173,0,-34,39,69,138,0.5,108
 174,0,-34,38,68,136,0,106
 175,0,-34,40,68,137,0,108.5
 176,0,-34,34,69,138,0.5,103
 177,0,-36,31,71,142,-0.5,102
 178,0,-35,32,71,142,0.5,103
 179,0,-36,32,71,142,-0.5,103
 180,0,-36,35,72,143,0,106.5
 181,0,-36,35,72,143,0,106.5
 182,0,-34,36,69,137,0.5,104.5
 183,0,-35,39,70,140,0,109
 184,0,-36,32,72,143,0,103.5
 185,0,-35,33,70,140,0,103
 186,0,-36,35,71,142,-0.5,106
 187,0,-36,31,72,144,0,103
 188,0,-35,38,69,138,-0.5,107
 189,0,-36,31,72,144,0,103
 190,0,-35,32,71,141,0.5,102.5
 191,0,-34,37,69,138,0.5,106
 192,0,-36,32,72,144,0,104
 193,0,-34,36,69,137,0.5,104.5
 194,0,-35,34,70,139,0,103.5
 195,0,-34,35,69,138,0.5,104
 196,0,-35,37,69,138,-0.5,106
 197,0,-34,38,68,136,0,106
 198,0,-35,35,70,139,0,104.5
 199,0,-35,33,70,140,0,103
 200,0,-35,36,71,141,0.5,106.5
 201,0,-35,36,71,141,0.5,106.5
 202,0,-35,33,71,141,0.5,103.5
 203,0,-35,37,70,139,0,106.5
 204,0,-35,35,70,140,0,105
 205,0,-35,37,69,138,-0.5,106
 206,0,-35,30,71,142,0.5,101
 207,0,-35,32,70,140,0,102
 208,0,-35,36,70,140,0,106
 209,0,-35,32,71,141,0.5,102.5
 210,0,-36,31,72,144,0,103
 211,0,-36,31,72,144,0,103
 212,0,-35,32,71,142,0.5,103
 213,0,-36,34,71,143,-0.5,105.5
 213,4,-61,56,123,246,0.5,179
 214,0,-36,30,73,145,0.5,102.5
 215,0,-35,40,69,138,-0.5,109
 216,0,-35,36,70,140,0,106
 217,0,-34,36,69,137,0.5,104.5
 218,0,-35,36,71,141,0.5,106.5
 219,0,-36,35,71,142,-0.5,106
 220,0,-35,34,70,139,0,103.5
 221,0,-35,32,71,142,0.5,103
 222,0,-36,35,72,143,0,106.5
 223,0,-35,36,70,140,0,106
 224,0,-35,37,69,138,-0.5,106
 225,0,-35,35,70,140,0,105
 226,0,-34,39,69,137,0.5,107.5
 227,0,-36,34,72,143,0,105.5
 228,0,-35,36,70,140,0,106
 229,0,-36,29,72,144,0,101
 230,0,-35,33,71,141,0.5,103.5
 231,0,-35,33,71,141,0.5,103.5
 232,0,-35,36,70,140,0,106
 233,0,-36,31,73,146,0.5,104
 234,0,-34,39,68,137,0,107.5
 235,0,-34,35,69,138,0.5,104
 236,0,-34,35,69,138,0.5,104
 237,0,-35,41,69,138,-0.5,110
 237,4,-60,57,121,242,0.5,178
 238,0,-36,35,71,142,-0.5,106
 239,0,-35,32,71,142,0.5,103
 240,0,-34,38,69,138,0.5,107
 241,0,-34,38,69,138,0.5,107
 242,0,-35,37,69,138,-0.5,106
 243,0,-36,35,71,142,-0.5,106
 244,0,-34,40,68,137,0,108.5
 245,0,-35,33,70,140,0,103
 246,0,-35,33,70,140,0,103
 247,0,-34,34,69,138,0.5,103
 248,0,-34,34,69,138,0.5,103
 249,0,-36,35,71,142,-0.5,106
 250,0,-36,33,72,143,0,104.5
 251,0,-36,33,72,143,0,104.5
 252,0,-35,32,71,142,0.5,103
 253,0,-36,34,71,142,-0.5,105
 254,0,-35,36,71,141,0.5,106.5
 254,4,-62,54,124,248,0,178
 255,0,-35,32,71,141,0.5,102.5
 256,0,-36,30,73,145,0.5,102.5
 257,0,-36,31,72,144,0,103
 258,0,-36,30,72,144,0,102
 259,0,-35,34,71,142,0.5,105
 260,0,-36,35,72,143,0,106.5
 261,0,-36,30,71,142,-0.5,101
 262,0,-35,36,70,139,0,105.5
 263,0,-35,38,70,140,0,108
 264,0,-34,39,69,137,0.5,107.5
 265,0,-36,31,72,144,0,103
 266,0,-35,34,70,140,0,104
 267,0,-35,37,70,139,0,106.5
 268,0,-35,37,70,140,0,107
 269,0,-35,33,70,140,0,103
 270,0,-35,35,70,139,0,104.5
 271,0,-34,39,69,138,0.5,108
 272,0,-35,31,71,141,0.5,101.5
 273,0,-35,37,70,140,0,107
 274,0,-36,35,71,142,-0.5,106
 275,0,-35,35,70,139,0,104.5
 276,0,-36,31,72,144,0,103
 277,0,-35,32,71,142,0.5,103
 278,0,-35,32,71,142,0.5,103
 279,0,-34,35,69,138,0.5,104
 279,4,-66,48,131,262,-0.5,179
 280,0,-36,32,71,142,-0.5,103
 281,0,-36,32,72,143,0,103.5
 282,0,-36,31,71,142,-0.5,102
 283,0,-36,31,72,144,0,103
 284,0,-36,30,73,146,0.5,103
 285,0,-36,34,71,142,-0.5,105
 286,0,-35,36,70,140,0,106
 287,0,-35,36,71,142,0.5,107
 288,0,-36,32,72,144,0,104
 289,0,-35,36,71,142,0.5,107
 290,0,-34,35,69,138,0.5,104
 291,0,-35,35,70,140,0,105
 292,0,-36,31,72,144,0,103
 293,0,-35,36,70,139,0,105.5
 294,0,-34,35,69,138,0.5,104
 295,0,-34,39,68,137,0,107.5
 296,0,-35,32,71,141,0.5,102.5
 297,0,-34,40,68,137,0,108.5
 297,4,-65,47,129,258,-0.5,176
 298,0,-35,40,69,138,-0.5,109
 299,0,-35,38,70,140,0,108
 300,0,-35,37,70,139,0,106.5
 301,0,-35,35,71,141,0.5,105.5
 302,0,-34,36,69,137,0.5,104.5
 303,0,-35,31,71,141,0.5,101.5
 304,0,-34,39,69,138,0.5,108
 305,0,-36,35,72,143,0,106.5
 306,0,-35,34,71,141,0.5,104.5
 307,0,-36,33,72,143,0,104.5
 308,0,-36,31,72,143,0,102.5
 309,0,-35,40,69,138,-0.5,109
 310,0,-34,38,69,138,0.5,107
 311,0,-35,37,70,139,0,106.5
 312,0,-35,36,71,142,0.5,107
 313,0,-36,35,72,144,0,107
 314,0,-34,36,69,137,0.5,104.5
 315,0,-35,32,71,142,0.5,103
 316,0,-35,32,71,142,0.5,103
 317,0,-36,34,72,144,0,106
 318,0,-35,32,71,142,0.5,103
 319,0,-35,30,71,142,0.5,101
 320,0,-34,34,69,138,0.5,103
 321,0,-34,40,68,137,0,108.5
 322,0,-35,32,71,141,0.5,102.5
 323,0,-35,33,71,142,0.5,104
 324,0,-35,34,71,141,0.5,104.5
 325,0,-36,32,72,143,0,103.5
 325,5,-66,48,131,262,-0.5,179
 326,0,-36,33,72,143,0,104.5
 326,5,-63,53,127,253,0.5,179.5
 327,0,-35,32,71,141,0.5,102.5
 328,0,-36,34,72,144,0,106
 328,5,-62,54,124,248,0,178
 329,0,-35,32,71,142,0.5,103
 330,0,-35,37,70,140,0,107
 331,0,-36,34,71,142,-0.5,105
 332,0,-34,39,68,137,0,107.5
 332,5,-65,47,129,258,-0.5,176
 333,0,-35,32,71,142,0.5,103
 334,0,-35,32,71,142,0.5,103
 335,0,-36,35,71,142,-0.5,106
 336,0,-34,39,69,138,0.5,108
 337,0,-34,34,69,138,0.5,103
 338,0,-34,37,69,138,0.5,106
 339,0,-36,33,72,143,0,104.5
 340,0,-36,30,71,142,-0.5,101
 341,0,-35,37,70,140,0,107
 342,0,-35,34,71,141,0.5,104.5
 343,0,-35,38,69,138,-0.5,107
 344,0,-35,37,70,140,0,107
 345,0,-35,36,71,141,0.5,106.5
 346,0,-34,39,69,138,0.5,108
 347,0,-35,32,71,141,0.5,102.5
 348,0,-34,39,69,138,0.5,108
 349,0,-34,36,69,137,0.5,104.5
 350,0,-34,35,69,138,0.5,104
 351,0,-36,30,73,145,0.5,102.5
 352,0,-36,32,72,144,0,104
 353,0,-36,32,72,143,0,103.5
 354,0,-36,31,72,144,0,103
 355,0,-35,36,70,139,0,105.5
 355,5,-62,52,124,248,0,176
 356,0,-35,32,71,142,0.5,103
 357,0,-35,35,70,140,0,105
 358,0,-36,34,73,145,0.5,106.5
 359,0,-36,34,73,145,0.5,106.5
 360,0,-35,36,70,140,0,106
 361,0,-34,39,68,137,0,107.5
 362,0,-35,37,70,139,0,106.5
 363,0,-35,40,70,139,0,109.5
 364,0,-35,38,70,139,0,107.5
 365,0,-36,35,71,142,-0.5,106
 366,0,-35,36,71,141,0.5,106.5
 367,0,-36,29,72,144,0,101
 368,0,-35,37,69,138,-0.5,106
 369,0,-35,37,69,138,-0.5,106
 370,0,-35,35,71,142,0.5,106
 371,0,-34,34,69,138,0.5,103
 372,0,-34,38,69,137,0.5,106.5
 373,0,-35,36,71,141,0.5,106.5
 374,0,-34,38,69,138,0.5,107
 375,0,-34,35,69,138,0.5,104
 376,0,-36,33,72,143,0,104.5
 377,0,-36,35,71,142,-0.5,106
 377,5,-60,58,119,238,-0.5,177
 378,0,-36,34,72,143,0,105.5
 379,0,-35,39,69,138,-0.5,108
 379,5,-65,47,129,258,-0.5,176
 380,0,-36,31,71,142,-0.5,102
 381,0,-34,34,69,138,0.5,103
 382,0,-34,34,69,138,0.5,103
 383,0,-37,32,73,146,-0.5,105
 384,0,-35,37,69,138,-0.5,106
 385,0,-34,39,69,137,0.5,107.5
 386,0,-36,34,71,142,-0.5,105
 387,0,-35,35,70,140,0,105
 388,0,-36,33,72,144,0,105
 389,0,-36,35,71,143,-0.5,106.5
 389,5,-57,62,115,230,0.5,177
 390,0,-36,35,72,143,0,106.5
 391,0,-36,33,72,143,0,104.5
 392,0,-36,36,72,144,0,108
 393,0,-34,36,69,138,0.5,105
 394,0,-35,36,70,141,0,106.5
 395,0,-35,38,70,140,0,108
 396,0,-35,34,71,141,0.5,104.5
 397,0,-36,31,71,142,-0.5,102
 398,0,-36,35,71,142,-0.5,106
 399,0,-34,39,69,137,0.5,107.5
 400,0,-36,33,72,144,0,105
 401,0,-35,34,70,139,0,103.5
 402,0,-35,35,70,140,0,105
 403,0,-35,35,71,141,0.5,105.5
 404,0,-34,38,69,137,0.5,106.5
 405,0,-34,36,69,138,0.5,105
 406,0,-34,38,69,138,0.5,107
 407,0,-35,33,70,140,0,103
 408,0,-35,32,70,139,0,101.5
 409,0,-35,33,70,140,0,103
 410,0,-35,34,71,141,0.5,104.5
 411,0,-34,38,68,137,0,106.5
 412,0,-36,33,72,143,0,104.5
 413,0,-35,34,71,141,0.5,104.5
 414,0,-35,37,69,138,-0.5,106
 415,0,-35,39,70,140,0,109
 416,0,-35,34,71,141,0.5,104.5
 417,0,-35,37,69,139,-0.5,106.5
 418,0,-35,37,70,139,0,106.5
 419,0,-34,39,69,138,0.5,108
 420,0,-34,39,69,138,0.5,108
 421,0,-35,35,71,141,0.5,105.5
 422,0,-35,32,70,140,0,102
 423,0,-37,32,73,146,-0.5,105
 423,6,-66,48,131,262,-0.5,179
 424,0,-36,32,72,143,0,103.5
 425,0,-37,27,74,148,0,101
 426,0,-36,33,72,143,0,104.5
 427,0,-36,31,73,146,0.5,104
 428,0,-34,36,69,137,0.5,104.5
 429,0,-34,36,69,137,0.5,104.5
 430,0,-35,36,71,141,0.5,106.5
 431,0,-36,34,71,142,-0.5,105
 432,0,-34,39,69,137,0.5,107.5
 433,0,-36,37,72,144,0,109
 434,0,-36,33,72,143,0,104.5
 435,0,-35,37,70,139,0,106.5
 436,0,-36,35,71,142,-0.5,106
 437,0,-36,33,72,145,0,105.5
 438,0,-34,39,69,138,0.5,108
 439,0,-34,39,69,138,0.5,108
 440,0,-35,37,69,138,-0.5,106
 441,0,-36,36,72,143,0,107.5
 442,0,-35,37,69,138,-0.5,106
 443,0,-36,34,71,142,-0.5,105
 444,0,-35,36,70,140,0,106
 445,0,-36,29,72,144,0,101
 446,0,-35,35,70,140,0,105
 447,0,-36,35,72,143,0,106.5
 448,0,-34,39,69,137,0.5,107.5
 449,0,-36,33,72,143,0,104.5
 450,0,-35,33,70,141,0,103.5
 450,7,-61,56,123,246,0.5,179
 451,0,-34,39,68,137,0,107.5
 452,0,-36,31,71,142,-0.5,102
 453,0,-37,32,73,146,-0.5,105
 454,0,-35,39,70,139,0,108.5
 455,0,-35,37,70,140,0,107
 456,0,-35,39,70,140,0,109
 457,0,-35,36,70,139,0,105.5
 458,0,-35,36,70,140,0,106
 459,0,-36,38,71,142,-0.5,109
 460,0,-37,29,75,149,0.5,103.5
 461,0,-35,31,71,141,0.5,101.5
 462,0,-36,35,72,143,0,106.5
 463,0,-35,38,70,139,0,107.5
 464,0,-35,35,70,140,0,105
 465,0,-35,34,71,141,0.5,104.5
 466,0,-35,32,70,139,0,101.5
 467,0,-35,38,69,138,-0.5,107
 468,0,-35,37,69,138,-0.5,106
 469,0,-36,29,73,146,0.5,102
 469,7,-60,59,120,239,0,178.5
 470,0,-36,35,72,144,0,107
 471,0,-36,31,72,144,0,103
 472,0,-35,32,71,142,0.5,103
 473,0,-35,38,70,140,0,108
 474,0,-34,39,69,138,0.5,108
 475,0,-34,36,69,137,0.5,104.5
 476,0,-36,31,71,142,-0.5,102
 477,0,-36,31,72,144,0,103
 478,0,-35,35,70,141,0,105.5
 479,0,-36,35,72,144,0,107
 480,0,-36,35,71,142,-0.5,106
 481,0,-36,32,72,144,0,104
 482,0,-35,35,70,139,0,104.5
 483,0,-34,39,69,138,0.5,108
 484,0,-35,37,70,139,0,106.5
 485,0,-36,32,72,144,0,104
 486,0,-35,39,70,141,0,109.5
 487,0,-34,40,68,137,0,108.5
 488,0,-35,32,71,142,0.5,103
 489,0,-35,40,70,139,0,109.5
 490,0,-37,29,73,147,-0.5,102.5
 490,7,-61,56,123,246,0.5,179
 491,0,-36,35,71,142,-0.5,106
 492,0,-34,35,69,138,0.5,104
 493,0,-35,34,70,139,0,103.5
 494,0,-35,32,70,139,0,101.5
 495,0,-35,39,69,138,-0.5,108
 496,0,-34,36,69,137,0.5,104.5
 497,0,-35,34,71,141,0.5,104.5
 498,0,-35,36,70,140,0,106
 499,0,-35,37,70,139,0,106.5
 500,0,-35,31,70,141,0,101.5
 501,0,-35,32,71,142,0.5,103
 502,0,-36,31,72,144,0,103
 503,0,-35,35,70,139,0,104.5
 504,0,-36,33,72,143,0,104.5
 505,0,-35,35,70,140,0,105
 506,0,-35,40,69,138,-0.5,109
 507,0,-35,34,71,141,0.5,104.5
 508,0,-35,33,70,139,0,102.5
 509,0,-35,37,70,140,0,107
 510,0,-36,34,71,142,-0.5,105
 511,0,-36,35,72,143,0,106.5
 512,0,-36,33,72,143,0,104.5
 513,0,-35,35,70,140,0,105
 514,0,-36,33,72,143,0,104.5
 515,0,-35,35,70,140,0,105
 516,0,-35,32,71,142,0.5,103
 517,0,-36,32,72,144,0,104
 518,0,-35,38,69,138,-0.5,107
 519,0,-35,36,70,141,0,106.5
 520,0,-35,39,69,138,-0.5,108
 521,0,-34,37,68,137,0,105.5
 522,0,-36,31,73,146,0.5,104
 523,0,-35,37,71,141,0.5,107.5
 524,0,-35,37,69,139,-0.5,106.5
 525,0,-35,34,70,140,0,104
 526,0,-34,34,69,138,0.5,103
 527,0,-36,33,72,145,0,105.5
 528,0,-35,34,71,141,0.5,104.5
 529,0,-35,39,69,138,-0.5,108
 530,0,-35,33,71,142,0.5,104
 531,0,-34,38,68,136,0,106
 531,8,-61,56,123,246,0.5,179
 532,0,-36,31,72,144,0,103
 533,0,-35,36,71,141,0.5,106.5
 534,0,-36,37,71,143,-0.5,108.5
 535,0,-34,38,68,137,0,106.5
 536,0,-35,35,70,140,0,105
 537,0,-35,34,71,141,0.5,104.5
 538,0,-34,40,69,138,0.5,109
 538,8,-66,48,131,262,-0.5,179
 539,0,-35,38,70,139,0,107.5
 540,0,-35,36,71,142,0.5,107
 541,0,-35,38,70,139,0,107.5
 542,0,-36,30,73,146,0.5,103
 543,0,-36,36,71,143,-0.5,107.5
 544,0,-36,31,73,146,0.5,104
 545,0,-35,36,71,142,0.5,107
 546,0,-35,34,71,141,0.5,104.5
 547,0,-35,37,70,139,0,106.5
 547,8,-61,56,123,246,0.5,179
 548,0,-36,31,72,144,0,103
 549,0,-35,37,70,140,0,107
 550,0,-35,36,71,141,0.5,106.5
 551,0,-36,32,72,143,0,103.5
 552,0,-35,39,70,140,0,109
 553,0,-36,34,72,143,0,105.5
 554,0,-36,31,72,144,0,103
 555,0,-35,32,71,142,0.5,103
 556,0,-36,36,72,143,0,107.5
 557,0,-36,33,72,143,0,104.5
 558,0,-35,41,69,138,-0.5,110
 558,8,-61,56,123,246,0.5,179
 559,0,-35,37,70,140,0,107
 560,0,-36,31,72,144,0,103
 561,0,-35,37,70,139,0,106.5
 562,0,-35,34,71,141,0.5,104.5
 563,0,-35,32,71,142,0.5,103
 564,0,-36,31,71,142,-0.5,102
 565,0,-35,37,70,139,0,106.5
 566,0,-34,35,69,138,0.5,104
 567,0,-35,30,71,142,0.5,101
 568,0,-36,34,71,142,-0.5,105
 569,0,-36,32,72,144,0,104
 570,0,-35,36,71,141,0.5,106.5
 571,0,-36,30,73,145,0.5,102.5
 572,0,-35,33,70,140,0,103
 573,0,-36,34,71,142,-0.5,105
 574,0,-34,38,69,138,0.5,107
 575,0,-35,37,69,139,-0.5,106.5
 576,0,-34,35,69,138,0.5,104
 577,0,-35,34,70,139,0,103.5
 578,0,-35,32,70,139,0,101.5
 579,0,-35,34,70,139,0,103.5
 580,0,-35,35,71,141,0.5,105.5
 581,0,-34,37,69,138,0.5,106
 582,0,-34,35,69,138,0.5,104
 583,0,-34,39,69,137,0.5,107.5
 584,0,-34,39,69,138,0.5,108
 585,0,-35,37,70,140,0,107
 586,0,-35,35,70,139,0,104.5
 587,0,-35,35,70,140,0,105
 588,0,-34,38,68,136,0,106
 589,0,-35,34,70,140,0,104
 590,0,-36,36,71,142,-0.5,107
 591,0,-35,34,70,139,0,103.5
 592,0,-36,35,71,142,-0.5,106
 593,0,-36,36,71,142,-0.5,107
 594,0,-36,31,72,144,0,103
 595,0,-35,32,71,142,0.5,103
 596,0,-36,35,71,142,-0.5,106
 597,0,-36,36,71,142,-0.5,107
 598,0,-35,35,70,140,0,105
 599,0,-34,40,69,137,0.5,108.5
 600,0,-35,36,71,141,0.5,106.5
 601,0,-34,38,68,136,0,106
 601,9,-61,56,123,246,0.5,179
 602,0,-34,37,69,138,0.5,106
 603,0,-35,33,70,140,0,103
 604,0,-34,34,69,138,0.5,103
 605,0,-34,34,69,138,0.5,103
 606,0,-34,38,68,136,0,106
 607,0,-36,34,71,142,-0.5,105
 608,0,-36,29,72,144,0,101
 609,0,-34,35,69,138,0.5,104
 610,0,-35,36,70,139,0,105.5
 611,0,-35,36,71,141,0.5,106.5
 612,0,-36,34,72,143,0,105.5
 613,0,-36,32,73,145,0.5,104.5
 614,0,-35,36,70,139,0,105.5
 615,0,-36,34,72,145,0,106.5
 616,0,-36,33,72,145,0,105.5
 617,0,-35,38,70,140,0,108
 618,0,-35,40,69,138,-0.5,109
 619,0,-34,40,68,137,0,108.5
 620,0,-35,34,70,140,0,104
 621,0,-35,32,71,142,0.5,103
 622,0,-35,34,70,140,0,104
 623,0,-36,34,71,142,-0.5,105
 624,0,-35,35,70,141,0,105.5
 625,0,-36,32,72,144,0,104
 626,0,-34,40,68,137,0,108.5
 627,0,-35,38,69,138,-0.5,107
 628,0,-36,34,72,143,0,105.5
 629,0,-34,39,69,137,0.5,107.5
 630,0,-35,37,69,139,-0.5,106.5
 631,0,-36,35,72,143,0,106.5
 632,0,-36,35,72,143,0,106.5
 633,0,-35,35,71,142,0.5,106
 633,10,-62,54,124,248,0,178
 634,0,-35,34,71,141,0.5,104.5
 635,0,-35,37,70,140,0,107
 636,0,-35,33,70,140,0,103
 637,0,-34,38,68,137,0,106.5
 638,0,-35,37,70,140,0,107
 639,0,-36,36,71,142,-0.5,107
 639,10,-61,56,123,246,0.5,179
 640,0,-35,32,71,142,0.5,103
 641,0,-36,37,71,143,-0.5,108.5
 642,0,-36,37,71,143,-0.5,108.5
 643,0,-35,37,69,138,-0.5,106
 644,0,-37,28,74,148,0,102
 645,0,-35,38,70,140,0,108
 646,0,-36,37,71,142,-0.5,108
 647,0,-36,37,71,142,-0.5,108
 648,0,-35,36,70,139,0,105.5
 649,0,-34,38,68,137,0,106.5
 650,0,-35,35,70,140,0,105
 651,0,-34,36,69,138,0.5,105
 652,0,-35,32,71,142,0.5,103
 653,0,-36,33,72,143,0,104.5
 654,0,-36,36,72,143,0,107.5
 655,0,-36,33,71,142,-0.5,104
 656,0,-36,30,72,143,0,101.5
 657,0,-35,36,70,139,0,105.5
 658,0,-35,34,70,139,0,103.5
 659,0,-35,37,70,139,0,106.5
 660,0,-34,40,69,137,0.5,108.5
 661,0,-34,36,69,137,0.5,104.5
 662,0,-35,32,71,142,0.5,103
 663,0,-36,36,72,144,0,108
 664,0,-35,34,71,141,0.5,104.5
 664,10,-67,44,133,266,-0.5,177
 665,0,-36,34,71,142,-0.5,105
 666,0,-35,36,70,141,0,106.5
 666,10,-61,56,123,246,0.5,179
 667,0,-35,38,70,140,0,108
 668,0,-35,35,71,142,0.5,106
 669,0,-35,37,69,138,-0.5,106
 670,0,-34,39,68,137,0,107.5
 671,0,-36,35,71,142,-0.5,106
 672,0,-36,35,73,145,0.5,107.5
 673,0,-35,33,70,141,0,103.5
 674,0,-35,36,71,141,0.5,106.5
 675,0,-36,33,73,145,0.5,105.5
 676,0,-35,32,71,142,0.5,103
 677,0,-35,32,71,142,0.5,103
 678,0,-35,36,70,139,0,105.5
 678,10,-66,48,131,262,-0.5,179
 679,0,-34,39,69,138,0.5,108
 680,0,-36,33,72,143,0,104.5
 681,0,-36,31,72,144,0,103
 682,0,-34,40,69,137,0.5,108.5
 683,0,-34,39,68,137,0,107.5
 684,0,-35,38,71,141,0.5,108.5
 685,0,-35,34,71,141,0.5,104.5
 686,0,-35,34,71,141,0.5,104.5
 687,0,-35,36,71,141,0.5,106.5
 688,0,-34,40,69,137,0.5,108.5
 689,0,-36,31,72,144,0,103
 690,0,-34,35,68,137,0,103.5
 691,0,-35,40,69,138,-0.5,109
 692,0,-36,32,72,145,0,104.5
 693,0,-35,37,69,138,-0.5,106
 694,0,-35,34,70,140,0,104
 695,0,-35,37,70,140,0,107
 696,0,-36,32,72,144,0,104
 697,0,-34,39,69,138,0.5,108
 697,10,-64,50,127,254,-0.5,177
 698,0,-35,38,70,140,0,108
 699,0,-36,34,71,143,-0.5,105.5
 700,0,-36,31,72,144,0,103
 701,0,-35,32,71,142,0.5,103
 702,0,-35,32,71,142,0.5,103
 703,0,-35,33,70,140,0,103
 704,0,-35,32,71,142,0.5,103
 705,0,-35,32,71,142,0.5,103
 706,0,-35,32,71,142,0.5,103
 707,0,-35,32,71,142,0.5,103
 708,0,-35,34,71,141,0.5,104.5
 709,0,-35,33,70,139,0,102.5
 710,0,-36,34,71,142,-0.5,105
 711,0,-35,32,70,140,0,102
 712,0,-35,32,70,140,0,102
 713,0,-35,34,71,141,0.5,104.5
 714,0,-34,34,69,138,0.5,103
 715,0,-35,36,71,142,0.5,107
 716,0,-35,35,70,140,0,105
 717,0,-35,35,70,140,0,105
 718,0,-35,34,71,141,0.5,104.5
 719,0,-35,35,70,140,0,105
 720,0,-35,36,70,140,0,106
 721,0,-34,38,68,136,0,106
 722,0,-34,38,68,136,0,106
 723,0,-34,37,68,137,0,105.5
 724,0,-35,39,69,138,-0.5,108
 725,0,-35,37,70,140,0,107
 726,0,-35,33,71,141,0.5,103.5
 727,0,-35,33,71,141,0.5,103.5
 728,0,-34,38,68,137,0,106.5
 729,0,-36,33,72,143,0,104.5
 730,0,-35,33,70,140,0,103
 731,0,-36,35,72,143,0,106.5
 732,0,-35,37,70,140,0,107
 733,0,-36,30,72,143,0,101.5
 734,0,-35,34,71,142,0.5,105
 735,0,-34,39,69,137,0.5,107.5
 736,0,-35,40,69,138,-0.5,109
 737,0,-35,35,70,139,0,104.5
 738,0,-34,39,69,137,0.5,107.5
 739,0,-36,34,71,142,-0.5,105
 740,0,-35,33,70,140,0,103
 741,0,-36,32,72,143,0,103.5
 742,0,-36,32,72,143,0,103.5
 743,0,-35,38,70,139,0,107.5
 744,0,-35,37,69,138,-0.5,106
 745,0,-34,40,68,137,0,108.5
 746,0,-35,35,70,139,0,104.5
 747,0,-35,35,70,139,0,104.5
 748,0,-34,36,69,137,0.5,104.5
 749,0,-35,35,70,139,0,104.5
 750,0,-34,36,69,137,0.5,104.5
 751,0,-35,32,71,142,0.5,103
 752,0,-36,33,72,143,0,104.5
 753,0,-36,35,71,142,-0.5,106
 754,0,-35,36,70,140,0,106
 755,0,-35,34,71,141,0.5,104.5
 756,0,-34,36,69,137,0.5,104.5
 757,0,-34,39,69,138,0.5,108
 758,0,-35,37,69,139,-0.5,106.5
 759,0,-35,35,70,140,0,105
 759,11,-62,52,125,250,0.5,177
 760,0,-35,36,70,140,0,106
 761,0,-34,38,69,138,0.5,107
 762,0,-34,38,69,138,0.5,107
 763,0,-34,37,69,138,0.5,106
 763,11,-61,56,123,246,0.5,179
 764,0,-35,36,71,141,0.5,106.5
 765,0,-35,35,70,140,0,105
 766,0,-35,34,71,141,0.5,104.5
 767,0,-35,32,71,142,0.5,103
 768,0,-35,32,70,139,0,101.5
 769,0,-35,36,71,141,0.5,106.5
 770,0,-35,35,70,140,0,105
 771,0,-35,32,71,142,0.5,103
 772,0,-36,35,71,142,-0.5,106
 773,0,-34,35,69,138,0.5,104
 774,0,-36,32,71,142,-0.5,103
 775,0,-35,36,70,140,0,106
 776,0,-34,36,69,137,0.5,104.5
 776,11,-66,48,131,262,-0.5,179
 777,0,-35,36,70,140,0,106
 778,0,-35,37,70,140,0,107
 778,11,-60,57,121,242,0.5,178
 779,0,-35,39,70,140,0,109
 780,0,-35,32,70,140,0,102
 781,0,-34,36,69,138,0.5,105
 782,0,-34,37,69,138,0.5,106
 783,0,-36,35,71,142,-0.5,106
 784,0,-35,38,70,140,0,108
 785,0,-35,37,70,140,0,107
 786,0,-35,37,69,139,-0.5,106.5
 787,0,-35,37,69,139,-0.5,106.5
 788,0,-36,31,72,144,0,103
 789,0,-34,38,68,136,0,106
 790,0,-36,32,71,142,-0.5,103
 791,0,-35,38,70,140,0,108
 792,0,-35,36,71,141,0.5,106.5
 793,0,-36,34,72,143,0,105.5
 793,11,-61,56,123,246,0.5,179
 794,0,-35,36,69,138,-0.5,105
 795,0,-35,32,71,141,0.5,102.5
 796,0,-34,39,69,138,0.5,108
 797,0,-34,41,69,137,0.5,109.5
 798,0,-34,40,68,137,0,108.5
 799,0,-36,31,72,143,0,102.5
 800,0,-35,32,70,140,0,102
 801,0,-34,34,69,138,0.5,103
 801,11,-61,56,123,246,0.5,179
 802,0,-35,35,70,139,0,104.5
 803,0,-34,38,69,138,0.5,107
 804,0,-35,36,71,142,0.5,107
 805,0,-35,37,69,139,-0.5,106.5
 806,0,-35,35,70,140,0,105
 807,0,-35,37,70,139,0,106.5
 808,0,-35,36,70,141,0,106.5
 809,0,-36,35,71,142,-0.5,106
 810,0,-36,35,71,142,-0.5,106
 811,0,-34,36,69,137,0.5,104.5
 812,0,-35,38,70,139,0,107.5
 813,0,-35,35,70,139,0,104.5
 814,0,-34,39,68,137,0,107.5
 814,11,-61,56,123,246,0.5,179
 815,0,-35,36,71,141,0.5,106.5
 816,0,-35,34,71,141,0.5,104.5
 817,0,-35,38,70,139,0,107.5
 818,0,-34,38,69,138,0.5,107
 819,0,-35,37,71,141,0.5,107.5
 820,0,-35,36,71,141,0.5,106.5
 821,0,-34,35,69,138,0.5,104
 822,0,-35,35,70,140,0,105
 822,11,-65,47,129,258,-0.5,176
 823,0,-36,34,71,142,-0.5,105
 824,0,-36,33,72,143,0,104.5
 825,0,-35,35,70,140,0,105
 826,0,-34,37,68,137,0,105.5
 827,0,-34,37,68,137,0,105.5
 828,0,-35,34,71,141,0.5,104.5
 829,0,-36,34,72,144,0,106
 830,0,-35,38,70,139,0,107.5
 831,0,-36,35,71,142,-0.5,106
 832,0,-35,34,71,141,0.5,104.5
 832,11,-64,50,127,254,-0.5,177
 833,0,-34,35,69,138,0.5,104
 833,11,-63,53,127,253,0.5,179.5
 834,0,-34,39,68,137,0,107.5
 835,0,-34,36,69,138,0.5,105
 836,0,-35,34,71,141,0.5,104.5
 837,0,-35,34,71,141,0.5,104.5
 838,0,-35,33,70,140,0,103
 839,0,-36,36,71,142,-0.5,107
 840,0,-34,38,69,138,0.5,107
 841,0,-36,33,72,143,0,104.5
 842,0,-36,34,71,142,-0.5,105
 843,0,-35,33,70,139,0,102.5
 844,0,-36,34,71,142,-0.5,105
 845,0,-35,32,70,139,0,101.5
 846,0,-36,34,71,142,-0.5,105
 847,0,-35,33,70,140,0,103
 848,0,-35,35,70,139,0,104.5
 849,0,-34,39,68,137,0,107.5
 850,0,-34,39,69,138,0.5,108
 851,0,-35,36,70,139,0,105.5
 852,0,-35,35,70,141,0,105.5
 853,0,-36,29,72,144,0,101
 854,0,-35,32,71,142,0.5,103
 855,0,-34,35,69,138,0.5,104
 856,0,-34,41,69,137,0.5,109.5
 857,0,-34,41,69,137,0.5,109.5
 858,0,-34,39,68,137,0,107.5
 859,0,-35,39,69,138,-0.5,108
 860,0,-35,32,71,142,0.5,103
 861,0,-36,35,71,142,-0.5,106
 862,0,-34,39,68,137,0,107.5
 863,0,-36,35,71,142,-0.5,106
 864,0,-35,34,70,140,0,104
 865,0,-36,30,73,145,0.5,102.5
 866,0,-36,35,72,143,0,106.5
 867,0,-36,35,72,143,0,106.5
 868,0,-35,34,70,139,0,103.5
 869,0,-35,32,70,139,0,101.5
 870,0,-36,36,71,142,-0.5,107
 871,0,-36,34,71,142,-0.5,105
 872,0,-34,39,68,137,0,107.5
 873,0,-34,36,69,138,0.5,105
 874,0,-36,30,73,145,0.5,102.5
 875,0,-34,40,68,137,0,108.5
 876,0,-35,32,71,142,0.5,103
 877,0,-36,32,72,144,0,104
 878,0,-34,35,69,138,0.5,104
 879,0,-36,32,72,144,0,104
 880,0,-36,31,71,142,-0.5,102
 881,0,-36,34,71,142,-0.5,105
 882,0,-35,34,71,141,0.5,104.5
 883,0,-35,37,70,139,0,106.5
 884,0,-35,40,70,139,0,109.5
 885,0,-34,38,69,138,0.5,107
 886,0,-36,34,71,142,-0.5,105
 887,0,-36,32,72,143,0,103.5
 888,0,-34,34,69,138,0.5,103
 889,0,-34,35,69,138,0.5,104
 890,0,-36,35,71,142,-0.5,106
 891,0,-34,34,69,138,0.5,103
 892,0,-35,32,71,141,0.5,102.5
 893,0,-35,35,70,140,0,105
 894,0,-36,34,71,142,-0.5,105
 895,0,-35,30,71,142,0.5,101
 896,0,-35,35,70,140,0,105
 897,0,-35,37,69,139,-0.5,106.5
 898,0,-35,37,69,139,-0.5,106.5
 899,0,-35,37,70,139,0,106.5
 900,0,-36,34,71,142,-0.5,105
 900,12,-61,56,123,246,0.5,179
 901,0,-35,32,70,140,0,102
 902,0,-34,38,69,137,0.5,106.5
 903,0,-34,38,69,137,0.5,106.5
 904,0,-35,32,71,142,0.5,103
 905,0,-36,35,72,143,0,106.5
 906,0,-34,37,68,137,0,105.5
 907,0,-35,35,70,139,0,104.5
 908,0,-35,35,70,139,0,104.5
 909,0,-35,34,70,139,0,103.5
 910,0,-35,32,70,140,0,102
 911,0,-36,35,72,143,0,106.5
 912,0,-36,31,72,144,0,103
 913,0,-35,36,70,139,0,105.5
 914,0,-35,36,71,142,0.5,107
 915,0,-34,35,69,138,0.5,104
 916,0,-34,37,69,138,0.5,106
 916,12,-63,50,127,254,0.5,177
 917,0,-36,31,72,144,0,103
 918,0,-36,31,72,144,0,103
 919,0,-35,37,69,139,-0.5,106.5
 920,0,-35,34,70,140,0,104
 921,0,-34,34,69,138,0.5,103
 922,0,-34,35,69,138,0.5,104
 923,0,-34,35,69,138,0.5,104
 924,0,-36,34,72,143,0,105.5
 925,0,-36,37,72,144,0,109
 926,0,-35,37,71,141,0.5,107.5
 926,12,-65,47,129,258,-0.5,176
 927,0,-35,36,70,141,0,106.5
 928,0,-36,31,72,144,0,103
 928,12,-64,48,129,257,0.5,176.5
 929,0,-35,35,70,139,0,104.5
 930,0,-36,35,71,143,-0.5,106.5
 931,0,-36,31,72,144,0,103
 932,0,-35,33,70,140,0,103
 933,0,-36,35,71,142,-0.5,106
 934,0,-35,32,71,142,0.5,103
 935,0,-36,35,72,143,0,106.5
 936,0,-35,36,70,139,0,105.5
 937,0,-35,34,71,141,0.5,104.5
 938,0,-35,34,71,141,0.5,104.5
 939,0,-35,33,70,140,0,103
 940,0,-34,36,69,137,0.5,104.5
 941,0,-35,32,71,142,0.5,103
 942,0,-35,36,70,140,0,106
 943,0,-34,40,69,137,0.5,108.5
 944,0,-36,35,71,142,-0.5,106
 945,0,-35,34,71,141,0.5,104.5
 946,0,-35,37,69,138,-0.5,106
 947,0,-35,32,71,141,0.5,102.5
 948,0,-35,36,70,139,0,105.5
 948,12,-24,120,96,192,24,216
 949,0,-35,37,70,140,0,107
 950,0,-36,29,72,145,0,101.5
 951,0,-35,35,71,141,0.5,105.5
 952,0,-35,36,70,140,0,106
 953,0,-35,36,70,140,0,106
 954,0,-36,36,72,143,0,107.5
 955,0,-35,35,70,140,0,105
 956,0,-35,39,71,141,0.5,109.5
 957,0,-36,35,72,143,0,106.5
 958,0,-35,37,69,139,-0.5,106.5
 959,0,-35,40,69,138,-0.5,109
 960,0,-35,39,70,140,0,109
 961,0,-35,37,70,140,0,107
 961,12,-62,52,125,250,0.5,177
 962,0,-35,32,71,142,0.5,103
 963,0,-35,32,71,142,0.5,103
 964,0,-35,36,70,140,0,106
 965,0,-36,33,72,143,0,104.5
 966,0,-35,38,69,139,-0.5,107.5
 967,0,-36,36,71,142,-0.5,107
 968,0,-36,36,71,142,-0.5,107
 969,0,-36,36,71,142,-0.5,107
 970,0,-34,40,68,137,0,108.5
 971,0,-35,32,70,140,0,102
 972,0,-35,36,70,140,0,106
 973,0,-34,35,69,138,0.5,104
 974,0,-35,32,70,140,0,102
 975,0,-36,31,71,142,-0.5,102
 975,12,-65,47,129,258,-0.5,176
 976,0,-34,35,69,138,0.5,104
 976,12,-64,47,127,254,-0.5,174
 977,0,-35,32,71,141,0.5,102.5
 977,12,-61,56,123,246,0.5,179
 978,0,-34,35,69,138,0.5,104
 979,0,-34,34,69,138,0.5,103
 980,0,-35,34,70,139,0,103.5
 981,0,-36,35,72,143,0,106.5
 981,12,-61,56,123,246,0.5,179
 982,0,-35,35,70,140,0,105
 983,0,-35,39,69,138,-0.5,108
 983,12,-62,51,125,250,0.5,176
 984,0,-35,36,71,141,0.5,106.5
 984,12,-65,47,129,258,-0.5,176
 985,0,-35,33,70,140,0,103
 985,12,-65,47,129,258,-0.5,176
 986,0,-36,34,71,143,-0.5,105.5
 987,0,-34,41,69,137,0.5,109.5
 988,0,-34,34,69,138,0.5,103
 989,0,-35,33,71,141,0.5,103.5
 989,12,-61,56,123,246,0.5,179
 990,0,-36,31,71,142,-0.5,102
 991,0,-36,39,71,142,-0.5,110
 992,0,-35,32,71,142,0.5,103
 993,0,-36,32,72,144,0,104
 994,0,-36,32,72,144,0,104
 995,0,-35,37,69,139,-0.5,106.5
 996,0,-34,40,68,137,0,108.5
 997,0,-35,39,69,138,-0.5,108
 998,0,-34,38,68,136,0,106
 998,12,-61,56,123,246,0.5,179
 999,0,-35,35,70,141,0,105.5
 1000,0,-34,39,69,137,0.5,107.5
 1001,0,-35,33,70,140,0,103
 1002,0,-36,31,71,142,-0.5,102
 1003,0,-34,35,69,138,0.5,104
 1004,0,-36,36,72,143,0,107.5
 1004,12,-61,56,123,246,0.5,179
 1005,0,-36,35,71,143,-0.5,106.5
 1006,0,-36,34,71,142,-0.5,105
 1007,0,-34,34,69,138,0.5,103
 1008,0,-35,33,70,139,0,102.5
 1009,0,-35,36,69,138,-0.5,105
 1010,0,-34,38,69,138,0.5,107
 1011,0,-35,35,70,140,0,105
 1012,0,-34,38,68,136,0,106
 1013,0,-35,35,71,142,0.5,106
 1014,0,-34,35,69,138,0.5,104
 1015,0,-36,32,72,144,0,104
 1016,0,-36,35,71,142,-0.5,106
 1017,0,-36,33,72,143,0,104.5
 1018,0,-35,40,70,139,0,109.5
 1018,12,-61,56,123,246,0.5,179
 1019,0,-36,34,72,143,0,105.5
 1020,0,-35,39,70,141,0,109.5
 1020,12,-64,50,127,254,-0.5,177
 1021,0,-35,39,70,140,0,109
 1022,0,-35,36,70,139,0,105.5
 1023,0,-35,37,70,140,0,107
 1024,0,-35,37,70,140,0,107
 1025,0,-34,39,69,137,0.5,107.5
 1026,0,-34,36,69,138,0.5,105
 1027,0,-35,34,71,141,0.5,104.5
 1028,0,-35,38,69,138,-0.5,107
 1029,0,-35,32,71,142,0.5,103
 1030,0,-34,35,69,138,0.5,104
 1031,0,-35,37,70,140,0,107
 1032,0,-35,34,71,141,0.5,104.5
 1033,0,-35,34,71,141,0.5,104.5
 1034,0,-35,35,70,140,0,105
 1035,0,-35,32,71,141,0.5,102.5
 1036,0,-35,37,69,138,-0.5,106
 1037,0,-36,31,71,142,-0.5,102
 1038,0,-36,33,72,145,0,105.5
 1039,0,-35,35,70,139,0,104.5
 1040,0,-35,40,69,138,-0.5,109
 1041,0,-36,35,71,142,-0.5,106
 1042,0,-34,36,69,137,0.5,104.5
 1043,0,-34,36,69,137,0.5,104.5
 1044,0,-35,32,71,142,0.5,103
 1045,0,-36,31,71,142,-0.5,102
 1046,0,-36,30,73,145,0.5,102.5
 1047,0,-35,34,70,140,0,104
 1048,0,-35,36,71,141,0.5,106.5
 1048,13,-61,56,123,246,0.5,179
 1049,0,-35,35,70,140,0,105
 1050,0,-35,37,69,138,-0.5,106
 1051,0,-36,35,72,143,0,106.5
 1052,0,-35,34,71,141,0.5,104.5
 1053,0,-36,34,72,144,0,106
 1054,0,-35,37,69,139,-0.5,106.5
 1054,13,-65,47,129,258,-0.5,176
 1055,0,-35,36,71,141,0.5,106.5
 1056,0,-34,35,69,138,0.5,104
 1057,0,-36,34,72,144,0,106
 1058,0,-35,37,70,139,0,106.5
 1059,0,-35,39,70,139,0,108.5
 1060,0,-37,29,74,147,0,102.5
 1061,0,-36,36,72,144,0,108
 1062,0,-34,39,68,137,0,107.5
 1063,0,-35,38,70,139,0,107.5
 1064,0,-35,33,70,140,0,103
 1065,0,-36,36,71,142,-0.5,107
 1066,0,-36,33,72,143,0,104.5
 1067,0,-34,35,69,138,0.5,104
 1068,0,-35,34,71,141,0.5,104.5
 1069,0,-34,41,69,137,0.5,109.5
 1070,0,-36,38,71,142,-0.5,109
 1071,0,-35,37,70,139,0,106.5
 1072,0,-36,31,71,142,-0.5,102
 1072,13,-61,56,123,246,0.5,179
 1073,0,-34,38,69,138,0.5,107
 1074,0,-35,38,70,140,0,108
 1075,0,-35,33,71,141,0.5,103.5
 1076,0,-34,39,69,138,0.5,108
 1077,0,-36,32,71,142,-0.5,103
 1078,0,-36,34,72,144,0,106
 1079,0,-36,35,71,142,-0.5,106
 1080,0,-34,38,68,137,0,106.5
 1081,0,-35,35,69,138,-0.5,104
 1082,0,-34,34,69,138,0.5,103
 1083,0,-35,37,70,139,0,106.5
 1084,0,-34,39,68,137,0,107.5
 1084,13,-24,120,96,192,24,216
 1085,0,-35,36,70,140,0,106
 1086,0,-35,35,70,140,0,105
 1087,0,-35,39,70,140,0,109
 1088,0,-34,39,68,137,0,107.5
 1089,0,-36,32,72,143,0,103.5
 1090,0,-35,32,71,142,0.5,103
 1091,0,-35,34,71,141,0.5,104.5
 1092,0,-35,35,71,142,0.5,106
 1093,0,-35,33,70,139,0,102.5
 1094,0,-35,33,70,139,0,102.5
 1095,0,-35,37,70,139,0,106.5
 1096,0,-34,38,68,137,0,106.5
 1097,0,-35,32,71,142,0.5,103
 1097,13,-61,56,123,246,0.5,179
 1098,0,-36,32,72,143,0,103.5
 1099,0,-35,35,70,140,0,105
 1100,0,-35,32,71,142,0.5,103
 1101,0,-34,35,69,138,0.5,104
 1102,0,-35,39,71,141,0.5,109.5
 1103,0,-35,34,71,141,0.5,104.5
 1104,0,-36,34,72,143,0,105.5
 1105,0,-35,37,69,138,-0.5,106
 1105,13,-61,56,123,246,0.5,179
 1106,0,-34,39,69,138,0.5,108
 1107,0,-34,34,69,138,0.5,103
 1107,13,-64,50,127,254,-0.5,177
 1108,0,-36,31,73,146,0.5,104
 1109,0,-36,31,72,144,0,103
 1110,0,-36,34,71,142,-0.5,105
 1111,0,-35,37,70,139,0,106.5
 1112,0,-35,37,70,139,0,106.5
 1113,0,-36,36,72,143,0,107.5
 1114,0,-36,31,73,146,0.5,104
 1115,0,-37,29,74,147,0,102.5
 1116,0,-35,35,70,141,0,105.5
 1117,0,-35,37,70,139,0,106.5
 1118,0,-34,38,68,136,0,106
