 2,0,150,-32,86,172
 5,0,150,-32,86,172
 10,0,150,-32,86,172
 68,0,154,14,66,132
 69,0,154,14,66,132
 77,0,139,-32,86,172
 78,0,154,14,66,132
 81,0,154,14,66,132
 146,1,30,60,69,138
 148,1,33,63,66,132
 149,1,33,63,66,132
 150,1,33,58,73,145
 151,1,35,60,70,140
 152,1,34,57,74,148
 153,1,34,57,76,152
 154,1,34,56,77,153
 155,1,37,57,74,148
 156,1,35,54,79,157
 157,1,37,54,76,153
 158,1,37,53,80,159
 159,1,39,53,79,157
 160,1,39,52,80,159
 161,1,40,52,78,156
 162,1,40,51,80,159
 163,1,43,52,79,157
 164,1,44,53,79,158
 165,1,44,51,80,160
 166,1,45,52,80,160
 167,1,45,51,82,164
 168,1,45,50,83,166
 169,1,46,51,82,163
 170,1,49,51,81,161
 171,1,49,48,81,163
 172,1,51,49,81,161
 173,1,53,51,78,155
 174,1,54,50,79,157
 175,1,55,51,78,155
 176,1,57,49,77,154
 177,1,58,52,74,148
 178,1,56,49,78,156
 179,1,56,49,78,156
 180,1,58,54,76,152
 181,1,58,54,76,151
 182,0,150,-32,86,172
 182,1,58,53,76,152
 183,1,58,49,78,156
 184,1,61,51,76,152
 185,1,64,50,73,145
 186,1,63,51,73,145
 187,1,61,49,75,151
 188,1,45,-14,109,219
 189,1,45,-14,109,219
 190,1,63,49,75,149
 191,1,59,36,81,162
 192,0,150,-32,86,172
 192,1,60,38,80,160
 193,1,59,38,81,162
 194,1,63,42,77,153
 195,1,62,38,79,157
 196,0,150,-32,86,172
 196,1,64,50,75,149
 197,1,62,40,79,157
 198,1,64,48,76,152
 199,1,63,42,77,155
 200,1,64,44,78,155
 201,1,64,42,78,155
 202,1,65,43,78,155
 203,1,63,36,80,159
 204,1,66,43,75,150
 205,1,67,47,74,148
 206,1,66,42,76,151
 207,1,64,39,79,157
 208,1,64,42,78,155
 209,1,65,45,75,149
 210,1,64,42,76,152
 211,1,64,43,76,151
 212,1,61,34,80,160
 213,1,61,33,78,157
 214,1,62,34,77,155
 215,1,62,34,78,155
 216,1,62,32,78,156
 217,1,61,29,80,161
 218,0,150,-32,86,172
 218,1,65,41,72,145
 219,1,65,41,73,145
 220,1,64,36,75,150
 221,0,150,-32,86,172
 221,1,67,46,70,139
 222,1,67,46,70,139
 223,1,66,43,71,141
 224,1,67,46,70,139
 225,0,150,-32,86,172
 225,1,67,46,70,139
 226,1,67,45,71,141
 227,1,67,46,70,139
 228,1,67,44,70,140
 229,1,67,44,70,139
 230,1,67,44,70,139
 231,1,67,43,70,139
 232,1,67,43,70,139
 233,1,66,42,70,140
 234,1,66,43,70,140
 235,1,67,43,70,139
 236,1,67,44,70,139
 237,1,67,43,70,139
 237,2,119,-5,65,130
 238,1,66,42,70,140
 239,1,67,43,70,139
 240,1,67,43,70,139
 241,1,66,43,69,138
 242,1,67,43,67,134
 243,1,66,42,69,138
 244,1,67,42,69,138
 244,2,119,-11,65,130
 245,1,66,42,68,137
 246,1,67,41,70,139
 247,1,67,42,70,139
 248,1,68,41,68,136
 249,1,68,41,68,136
 249,2,116,-13,69,138
 250,1,66,42,71,142
 250,2,115,-18,70,139
 251,1,67,41,70,139
 252,1,68,41,68,136
 253,0,150,-32,86,172
 253,1,69,42,68,136
 253,2,110,-21,72,144
 254,1,69,41,68,136
 255,1,69,41,68,136
 256,0,150,-32,86,172
 256,1,69,39,67,133
 257,1,68,38,68,136
 258,1,69,38,68,135
 259,1,69,37,67,134
 260,1,69,39,67,133
 261,1,69,37,67,134
 262,1,68,39,66,133
 263,1,66,41,69,138
 264,1,67,37,69,138
 265,1,66,39,69,138
 266,1,66,38,68,136
 267,1,66,38,68,136
 268,1,66,38,68,136
 269,1,66,38,68,136
 270,1,67,37,67,134
 271,1,67,37,67,134
 272,1,67,37,67,134
 273,1,67,37,67,134
 274,1,66,38,68,136
 275,1,66,38,68,136
 276,1,67,37,67,134
 277,1,66,38,68,136
 278,0,146,-32,86,172
 278,1,68,38,68,136
 279,1,68,37,68,135
 280,1,68,37,68,135
 281,1,67,35,70,141
 282,1,68,36,70,139
 283,1,68,36,70,139
 284,1,69,37,68,136
 285,1,67,36,70,140
 286,1,69,36,68,136
 287,1,68,36,68,136
 288,0,146,-34,90,180
 288,1,69,36,68,136
 289,0,146,-34,90,180
 289,1,68,36,68,137
 290,1,69,36,68,136
 291,1,69,36,68,136
 292,1,69,36,68,136
 293,1,69,36,68,136
 294,1,68,36,68,137
 295,1,68,36,68,137
 296,1,68,36,68,137
 297,1,69,36,68,136
 298,1,67,33,71,142
 299,1,70,35,66,133
 300,1,70,35,66,133
 301,1,70,35,66,133
 302,1,70,35,66,133
 303,1,69,34,68,136
 304,1,70,35,66,133
 305,1,70,35,66,133
 306,1,70,35,66,133
 307,1,70,35,66,133
 308,1,71,34,68,137
 309,1,72,35,67,133
 310,1,70,34,68,136
 311,1,70,34,68,136
 313,1,72,34,67,134
 314,1,72,33,66,132
 315,1,72,33,66,132
 318,1,70,35,66,133
 319,1,72,35,67,133
 322,1,68,31,68,137
 323,1,68,31,68,137
 324,1,68,31,68,137
 325,1,69,30,69,138
 326,1,69,30,69,138
 327,1,69,26,69,138
 328,1,69,22,71,141
 329,1,68,31,68,137
 330,1,69,30,69,138
 332,1,71,31,68,137
 333,1,72,20,70,140
 334,1,72,20,70,140
 335,1,71,26,69,138
 336,1,73,31,67,134
 339,1,70,17,71,142
 340,1,70,17,71,142
 342,1,72,15,70,140
 344,1,72,15,70,140
 345,1,72,25,66,132
 346,1,72,19,68,136
 347,1,72,25,66,132
 350,1,71,15,70,139
 353,1,72,18,68,134
 354,1,71,15,70,139
 355,1,72,27,66,132
 356,1,72,18,68,134
 357,1,72,16,67,133
 362,0,146,-32,86,172
 363,1,72,27,66,132
 364,1,72,27,66,132
 365,1,72,14,68,134
 366,1,72,16,64,128
 367,1,72,15,67,133
 368,1,72,18,67,133
 369,1,72,18,67,133
 372,1,72,27,66,132
 373,1,72,16,66,131
 374,0,148,-33,88,176
 374,1,71,13,67,134
 375,0,148,-33,88,176
 375,1,71,13,67,134
 376,0,146,-34,90,180
 376,1,71,15,66,132
 377,1,70,12,67,134
 379,1,71,10,66,132
 380,1,71,10,66,132
 381,1,70,15,65,130
 382,1,70,10,66,133
 383,1,72,11,66,132
 384,1,72,12,66,131
 385,1,72,12,66,131
 386,1,72,11,66,132
 387,1,72,16,64,128
 389,1,72,12,66,131
 390,0,148,-33,88,176
 390,1,72,12,66,131
 391,1,72,11,66,132
 392,1,73,8,66,133
 393,1,72,12,66,131
 396,0,146,-34,90,180
 398,1,72,13,66,132
 402,0,144,-33,89,177
 405,0,145,-33,88,176
 405,1,72,13,64,128
 406,1,72,13,64,128
 407,0,146,-32,86,172
 407,1,72,13,64,128
 408,1,72,10,66,131
 409,1,72,10,66,131
 410,1,72,10,66,131
 411,1,73,0,67,134
 412,0,146,-32,86,172
 412,1,73,0,67,134
 413,1,72,-2,68,136
 416,0,146,-32,86,172
 416,1,73,0,67,134
 417,0,146,-32,86,172
 417,1,72,10,66,131
 418,1,72,13,64,128
 419,0,148,-33,88,176
 419,1,73,0,67,134
 420,0,146,-34,90,180
 420,1,73,5,65,130
 423,0,145,-33,88,176
 424,0,145,-33,88,176
 425,0,145,-33,88,176
 427,0,150,-32,86,172
 429,0,146,-34,90,180
 429,1,72,-2,68,136
 430,0,146,-34,90,180
 430,1,72,-2,68,136
 431,1,72,2,66,132
 432,0,145,-33,88,175
 432,1,72,2,66,132
 433,0,146,-32,86,172
 433,1,72,2,66,132
 435,0,145,-33,88,176
 435,1,72,2,66,132
 436,0,144,-33,89,177
 436,1,72,2,66,132
 437,0,144,-33,89,177
 438,0,145,-33,88,176
 438,1,70,-2,68,136
 439,0,145,-33,88,176
 440,0,145,-33,88,176
 441,0,145,-33,88,176
 442,0,146,-32,86,172
 446,0,144,-33,89,177
 448,0,146,-32,86,172
 453,0,146,-34,90,180
 463,1,75,11,64,128
 464,1,74,2,66,132
 465,1,74,2,66,132
 466,0,144,-33,89,177
 472,0,146,-32,86,172
 473,0,145,-33,88,176
 474,0,147,-33,87,173
 478,0,145,-33,88,176
 481,0,145,-33,88,176
 482,0,146,-32,86,172
 484,0,150,-33,89,177
 491,0,146,-32,86,172
 494,0,145,-33,88,176
 495,0,145,-33,88,176
 496,0,146,-32,86,172
 497,0,146,-32,86,172
 499,0,144,-33,89,177
 500,0,144,-33,89,177
 502,0,145,-33,88,176
 504,0,146,-32,86,172
 505,0,146,-32,86,172
 510,0,146,-33,87,174
 511,0,145,-33,88,176
 516,0,146,-32,86,172
 521,0,144,-33,89,177
 527,0,145,-33,88,176
 529,0,145,-33,88,176
 530,0,145,-33,88,176
 531,0,145,-33,88,176
 536,0,147,-33,87,173
 537,0,145,-33,88,175
 539,0,144,-33,89,177
 540,0,144,-33,89,177
 542,0,147,-33,87,173
 543,0,147,-33,87,173
 544,0,146,-32,86,172
 545,0,146,-32,86,172
 546,0,145,-33,88,176
 547,0,144,-33,89,177
 548,0,146,-32,86,172
 552,0,145,-33,88,176
 556,0,148,-32,85,170
 557,0,145,-33,88,176
 558,0,145,-33,88,176
 562,0,148,-32,85,170
 563,0,145,-33,88,176
 566,0,145,-33,88,176
 578,0,145,-33,88,176
 587,0,142,-33,88,176
 588,0,145,-33,88,176
 589,0,144,-33,89,177
 590,0,144,-33,89,177
 614,3,-34,62,67,134
 615,3,-34,62,67,134
 617,4,95,3,65,130
 618,0,149,-31,83,166
 621,0,148,-32,85,170
 622,0,145,-33,88,176
 623,0,146,-32,86,172
 638,0,146,-32,86,172
 638,1,92,3,67,134
 638,4,92,3,67,134
 646,1,95,3,65,130
 646,4,95,3,65,130
 652,1,95,3,65,130
 652,4,95,3,65,130
 660,0,147,-32,85,169
 662,1,95,3,65,130
 662,4,95,3,65,130
 666,0,146,-32,86,172
 667,0,146,-32,86,172
 667,5,26,125,89,177
 668,0,146,-32,86,172
 670,0,146,-32,86,172
 672,0,145,-33,88,176
 677,0,147,-33,87,173
 679,0,146,-34,90,180
 680,0,146,-34,90,180
 681,0,146,-32,86,172
 682,0,146,-32,86,172
 684,0,145,-33,88,176
 685,0,146,-32,86,172
 687,0,144,-33,89,177
 687,6,54,-14,83,166
 691,0,146,-32,86,172
 692,1,76,-7,79,158
 692,4,76,-7,79,158
 692,6,76,-7,79,158
 693,0,147,-33,87,173
 696,0,146,-34,90,180
 697,0,144,-33,89,177
 697,1,86,-8,79,158
 697,4,86,-8,79,158
 697,6,86,-8,79,158
 698,1,87,-11,81,161
 698,4,87,-11,81,161
 698,6,87,-11,81,161
 699,0,146,-34,90,180
 699,1,87,-12,82,163
 699,4,87,-12,82,163
 699,6,87,-12,82,163
 700,0,146,-34,90,180
 700,1,87,-12,82,163
 700,4,87,-12,82,163
 700,6,87,-12,82,163
 701,1,88,-14,84,168
 701,4,88,-14,84,168
 701,6,88,-14,84,168
 702,0,144,-33,89,177
 702,1,93,-14,85,169
 702,4,93,-14,85,169
 702,6,93,-14,85,169
 703,1,95,-17,87,174
 703,4,95,-17,87,174
 703,6,95,-17,87,174
 704,1,94,-20,86,173
 704,4,94,-20,86,173
 704,6,94,-20,86,173
 705,1,94,-20,86,173
 705,4,94,-20,86,173
 705,6,94,-20,86,173
 706,0,147,-33,87,173
 706,1,100,-13,83,165
 706,4,100,-13,83,165
 706,6,100,-13,83,165
 707,1,99,-9,87,174
 707,4,99,-9,87,174
 707,6,99,-9,87,174
 708,1,110,-5,77,154
 708,4,110,-5,77,154
 708,6,110,-5,77,154
 709,1,103,-15,88,176
 709,4,103,-15,88,176
 709,6,103,-15,88,176
 710,1,103,-15,88,176
 710,4,103,-15,88,176
 710,6,103,-15,88,176
 711,1,108,-8,84,168
 711,4,108,-8,84,168
 711,6,108,-8,84,168
 712,1,110,-10,84,169
 712,4,110,-10,84,169
 712,6,110,-10,84,169
 713,1,114,-5,81,161
 713,4,114,-5,81,161
 713,6,114,-5,81,161
 719,7,93,-3,66,132
 720,7,93,-3,66,132
 721,7,92,-4,67,134
 721,8,133,-37,98,197
 722,0,133,-36,97,194
 722,7,92,-3,67,134
 722,8,133,-36,97,194
 723,0,135,-36,98,196
 723,8,135,-36,98,196
 724,0,136,-37,99,199
 724,7,93,-3,66,132
 724,8,136,-37,99,199
 725,0,136,-37,99,199
 725,7,93,-3,66,132
 725,8,136,-37,99,199
 727,7,93,-3,66,132
 728,0,148,-36,96,192
 728,8,148,-36,96,192
 732,7,93,-3,66,132
 733,7,92,-6,67,134
 734,0,151,-35,93,186
 734,8,151,-35,93,186
 735,0,151,-35,93,186
 735,8,151,-35,93,186
 736,0,146,-34,91,180
 736,8,146,-34,91,180
 737,0,144,-33,89,177
 737,8,144,-33,89,177
 738,0,144,-33,89,177
 738,7,92,-4,67,134
 738,8,144,-33,89,177
 739,7,93,-6,66,133
 740,7,93,-6,66,133
 741,7,92,-6,67,134
 742,0,149,-31,83,166
 742,8,149,-31,83,166
 743,0,148,-32,85,170
 743,8,148,-32,85,170
 747,0,146,-32,86,172
 747,8,146,-32,86,172
 748,0,145,-33,88,176
 748,8,145,-33,88,176
 750,0,147,-33,87,173
 750,8,147,-33,87,173
 756,0,147,-33,87,173
 756,8,147,-33,87,173
 764,0,147,-33,87,173
 764,8,147,-33,87,173
 765,0,147,-33,87,173
 765,8,147,-33,87,173
 767,0,146,-32,86,172
 767,8,146,-32,86,172
 774,0,149,-31,83,166
 774,8,149,-31,83,166
 775,0,149,-31,83,166
 775,8,149,-31,83,166
 777,0,146,-32,86,172
 777,8,146,-32,86,172
 778,0,146,-32,86,172
 778,8,146,-32,86,172
 779,0,150,-32,86,172
 779,8,150,-32,86,172
 780,0,150,-32,86,172
 780,8,150,-32,86,172
 781,0,146,-32,86,172
 781,8,146,-32,86,172
 783,0,147,-32,85,169
 783,8,147,-32,85,169
 786,0,148,-32,85,170
 786,8,148,-32,85,170
 788,0,146,-33,87,174
 788,8,146,-33,87,174
 811,0,146,-32,86,172
 811,8,146,-32,86,172
 819,0,145,-33,88,176
 819,8,145,-33,88,176
 823,0,145,-33,88,176
 823,8,145,-33,88,176
 825,0,147,-33,87,173
 825,8,147,-33,87,173
 835,0,147,-33,87,173
 835,8,147,-33,87,173
 836,0,147,-33,87,173
 836,8,147,-33,87,173
 839,0,144,-33,89,177
 839,8,144,-33,89,177
 840,0,144,-33,89,177
 840,8,144,-33,89,177
 842,0,146,-34,90,180
 842,8,146,-34,90,180
 843,0,144,-33,89,177
 843,8,144,-33,89,177
 846,0,146,-33,87,174
 846,8,146,-33,87,174
 848,0,145,-33,88,176
 848,8,145,-33,88,176
 857,0,146,-32,86,172
 857,8,146,-32,86,172
 858,0,146,-34,90,180
 858,8,146,-34,90,180
 859,0,148,-32,85,170
 859,8,148,-32,85,170
 865,0,144,-33,89,177
 865,8,144,-33,89,177
 866,0,144,-33,89,177
 866,8,144,-33,89,177
 868,0,146,-33,87,174
 868,8,146,-33,87,174
 873,0,146,-33,87,174
 873,8,146,-33,87,174
 878,0,146,-32,86,172
 878,8,146,-32,86,172
 880,0,146,-34,90,180
 880,8,146,-34,90,180
 881,0,146,-34,90,180
 881,8,146,-34,90,180
 882,0,144,-33,89,177
 882,8,144,-33,89,177
 890,0,146,-32,86,172
 890,8,146,-32,86,172
 891,0,146,-32,86,172
 891,8,146,-32,86,172
 897,0,146,-34,90,180
 897,8,146,-34,90,180
 900,0,150,-32,86,172
 900,8,150,-32,86,172
 909,0,145,-33,88,176
 909,8,145,-33,88,176
 911,0,146,-32,86,172
 911,8,146,-32,86,172
 912,0,147,-32,85,169
 912,8,147,-32,85,169
 916,0,144,-33,89,177
 916,8,144,-33,89,177
 917,0,144,-33,89,177
 917,8,144,-33,89,177
 918,0,145,-33,88,176
 918,8,145,-33,88,176
 922,0,144,-33,89,177
 922,8,144,-33,89,177
 923,0,144,-33,89,177
 923,8,144,-33,89,177
 924,0,146,-32,86,172
 924,8,146,-32,86,172
 925,0,145,-33,88,176
 925,8,145,-33,88,176
 929,0,145,-33,88,176
 929,8,145,-33,88,176
 930,0,145,-33,88,176
 930,8,145,-33,88,176
 932,0,144,-33,89,177
 932,8,144,-33,89,177
 933,0,144,-33,89,177
 933,8,144,-33,89,177
 934,0,145,-33,88,176
 934,8,145,-33,88,176
 935,0,145,-33,88,176
 935,8,145,-33,88,176
 940,0,145,-33,88,176
 940,8,145,-33,88,176
 942,0,144,-33,89,177
 942,8,144,-33,89,177
 943,0,145,-33,88,176
 943,8,145,-33,88,176
 947,0,147,-33,87,173
 947,8,147,-33,87,173
 948,0,146,-34,90,180
 948,8,146,-34,90,180
 949,0,144,-33,89,177
 949,8,144,-33,89,177
 950,0,144,-33,89,177
 950,8,144,-33,89,177
 951,0,146,-32,86,172
 951,8,146,-32,86,172
 952,0,146,-34,90,180
 952,8,146,-34,90,180
 953,0,145,-33,88,176
 953,8,145,-33,88,176
 954,0,145,-33,88,176
 954,8,145,-33,88,176
 955,0,144,-33,89,177
 955,8,144,-33,89,177
 957,0,145,-33,88,176
 957,8,145,-33,88,176
 958,0,145,-33,88,176
 958,8,145,-33,88,176
 959,0,145,-33,88,176
 959,8,145,-33,88,176
 960,0,145,-33,88,176
 960,8,145,-33,88,176
 961,0,144,-33,89,177
 961,8,144,-33,89,177
 965,0,145,-33,88,176
 965,8,145,-33,88,176
 967,0,144,-33,89,177
 967,8,144,-33,89,177
 970,0,144,-33,89,177
 970,8,144,-33,89,177
 971,0,147,-33,87,173
 971,8,147,-33,87,173
 972,0,146,-32,86,172
 972,8,146,-32,86,172
 973,0,145,-33,88,176
 973,8,145,-33,88,176
 974,0,146,-32,86,172
 974,8,146,-32,86,172
 976,0,145,-33,88,176
 976,8,145,-33,88,176
 977,0,145,-33,88,176
 977,8,145,-33,88,176
 978,0,144,-33,89,177
 978,8,144,-33,89,177
 979,0,145,-33,88,176
 979,8,145,-33,88,176
 980,0,144,-33,89,177
 980,8,144,-33,89,177
 982,0,147,-33,87,173
 982,5,26,125,89,177
 982,8,147,-33,87,173
 986,0,145,-33,88,176
 986,8,145,-33,88,176
 988,0,144,-33,89,177
 988,8,144,-33,89,177
 991,0,144,-33,89,177
 991,8,144,-33,89,177
 993,0,144,-33,89,177
 993,8,144,-33,89,177
 995,0,144,-33,89,177
 995,8,144,-33,89,177
 997,0,144,-32,86,172
 997,8,144,-32,86,172
 999,0,145,-33,88,176
 999,8,145,-33,88,176
 1000,0,144,-33,89,177
 1000,8,144,-33,89,177
 1001,0,144,-33,89,177
 1001,8,144,-33,89,177
 1002,0,144,-33,88,175
 1002,8,144,-33,88,175
 1006,0,144,-33,89,177
 1006,8,144,-33,89,177
 1007,0,144,-33,89,177
 1007,8,144,-33,89,177
 1008,0,144,-33,89,177
 1008,8,144,-33,89,177
 1009,0,146,-32,86,172
 1009,8,146,-32,86,172
 1011,0,145,-33,88,176
 1011,8,145,-33,88,176
 1016,0,144,-33,89,177
 1016,8,144,-33,89,177
 1020,0,147,-33,87,173
 1020,8,147,-33,87,173
 1021,0,144,-33,89,177
 1021,8,144,-33,89,177
 1023,0,145,-33,88,175
 1023,8,145,-33,88,175
 1025,0,146,-32,86,172
 1025,8,146,-32,86,172
 1026,0,145,-33,88,176
 1026,8,145,-33,88,176
 1030,0,148,-32,85,170
 1030,8,148,-32,85,170
 1031,0,146,-32,86,172
 1031,8,146,-32,86,172
 1035,0,144,-33,89,177
 1035,8,144,-33,89,177
 1038,0,146,-32,86,172
 1038,8,146,-32,86,172
 1041,0,146,-32,86,172
 1041,8,146,-32,86,172
 1042,0,145,-33,88,176
 1042,8,145,-33,88,176
 1043,0,145,-33,88,176
 1043,8,145,-33,88,176
 1046,0,146,-32,86,172
 1046,8,146,-32,86,172
 1047,0,145,-33,88,176
 1047,8,145,-33,88,176
 1052,0,144,-33,89,177
 1052,8,144,-33,89,177
 1053,0,144,-33,89,177
 1053,8,144,-33,89,177
 1056,0,144,-33,89,177
 1056,8,144,-33,89,177
 1057,0,146,-32,87,173
 1057,8,146,-32,87,173
 1065,0,144,-33,89,177
 1065,8,144,-33,89,177
 1066,0,145,-33,88,176
 1066,8,145,-33,88,176
 1067,0,145,-33,88,176
 1067,8,145,-33,88,176
 1068,0,144,-33,89,177
 1068,8,144,-33,89,177
 1072,0,144,-33,89,177
 1072,8,144,-33,89,177
 1073,0,144,-33,89,177
 1073,8,144,-33,89,177
 1076,0,146,-34,90,180
 1076,8,146,-34,90,180
 1077,0,145,-33,88,176
 1077,8,145,-33,88,176
 1081,0,144,-33,89,177
 1081,8,144,-33,89,177
 1082,0,144,-33,89,177
 1082,8,144,-33,89,177
 1084,0,144,-30,86,172
 1084,8,144,-30,86,172
 1087,0,145,-33,88,176
 1087,8,145,-33,88,176
 1092,0,146,-32,86,172
 1092,8,146,-32,86,172
 1094,0,146,-32,86,172
 1094,8,146,-32,86,172
 1097,0,146,-34,90,180
 1097,8,146,-34,90,180
 1099,0,146,-32,86,172
 1099,8,146,-32,86,172
 1101,0,142,-33,88,176
 1101,8,142,-33,88,176
 1104,0,146,-32,86,172
 1104,8,146,-32,86,172
 1105,0,146,-32,86,172
 1105,8,146,-32,86,172
 1112,0,147,-33,87,173
 1112,8,147,-33,87,173
 1113,0,146,-32,86,172
 1113,8,146,-32,86,172
 1116,0,146,-34,90,180
 1116,8,146,-34,90,180
 1117,0,144,-33,89,177
 1117,8,144,-33,89,177
 1118,0,146,-34,90,180
 1118,8,146,-34,90,180
