 0,0,145,-33,88,176,189,55
 2,0,146,-34,90,180,191,56
 3,0,145,-33,88,176,189,55
 7,0,144,-33,89,177,188.5,55.5
 10,0,144,-33,89,177,188.5,55.5
 13,0,145,-33,88,176,189,55
 15,0,146,-34,90,180,191,56
 17,0,145,-33,88,176,189,55
 20,0,146,-32,86,172,189,54
 21,0,145,-33,88,176,189,55
 22,0,146,-34,90,180,191,56
 23,0,147,-30,80,160,187,50
 24,0,147,-30,80,160,187,50
 25,0,146,-34,90,180,191,56
 27,0,146,-34,90,180,191,56
 28,0,146,-32,86,172,189,54
 29,0,146,-32,86,172,189,54
 30,0,144,-33,89,177,188.5,55.5
 31,0,145,-33,88,176,189,55
 32,0,145,-33,88,176,189,55
 33,0,145,-33,88,176,189,55
 34,0,146,-32,86,172,189,54
 36,0,145,-33,88,176,189,55
 37,0,146,-32,86,172,189,54
 38,0,145,-33,88,176,189,55
 38,1,79,22,65,130,111.5,87
 39,0,144,-32,86,172,187,54
 39,1,79,19,66,132,112,85
 40,1,79,24,65,130,111.5,89
 41,0,146,-34,90,180,191,56
 41,1,78,20,67,134,111.5,87
 42,0,145,-33,88,176,189,55
 42,1,79,19,66,133,112,85.5
 43,0,146,-34,90,180,191,56
 43,1,79,19,66,133,112,85.5
 44,0,145,-33,88,176,189,55
 44,1,79,11,68,136,113,79
 45,0,145,-33,88,176,189,55
 45,1,80,10,68,136,114,78
 46,0,145,-33,88,176,189,55
 46,1,81,19,69,137,115.5,87.5
 47,1,82,13,68,136,116,81
 48,1,81,15,71,142,116.5,86
 49,1,81,15,71,142,116.5,86
 50,1,82,17,69,138,116.5,86
 51,0,144,-33,89,177,188.5,55.5
 51,1,82,16,71,141,117.5,86.5
 52,1,83,19,69,138,117.5,88
 53,1,86,19,67,133,119.5,85.5
 54,0,144,-33,89,177,188.5,55.5
 54,1,85,16,68,136,119,84
 55,1,85,13,69,137,119.5,81.5
 56,0,145,-33,88,176,189,55
 57,0,146,-34,90,180,191,56
 57,1,87,4,70,141,122,74.5
 58,1,86,2,74,148,123,76
 59,1,86,2,74,148,123,76
 60,1,88,10,72,144,124,82
 61,0,146,-32,86,172,189,54
 61,1,88,6,72,144,124,78
 62,1,88,3,74,147,125,76.5
 63,0,144,-33,89,177,188.5,55.5
 63,1,87,2,75,150,124.5,77
 64,0,144,-33,89,177,188.5,55.5
 64,1,87,2,75,150,124.5,77
 65,1,88,-1,75,150,125.5,74
 66,0,146,-32,86,172,189,54
 66,1,90,11,71,142,125.5,82
 67,1,90,8,72,143,126,79.5
 68,1,90,2,74,148,127,76
 69,1,90,2,74,148,127,76
 70,0,146,-34,90,180,191,56
 70,1,89,-3,77,154,127.5,74
 71,0,147,-33,87,173,190.5,53.5
 71,1,90,2,73,147,126.5,75.5
 72,0,145,-33,88,176,189,55
 73,0,144,-33,89,177,188.5,55.5
 74,1,87,-19,85,170,129.5,66
 75,0,145,-33,88,176,189,55
 75,1,91,-10,78,156,130,68
 76,0,145,-33,88,176,189,55
 76,1,88,-14,83,166,129.5,69
 77,1,89,0,74,149,126,74.5
 78,0,145,-33,88,176,189,55
 79,0,145,-33,88,176,189,55
 80,0,147,-33,87,173,190.5,53.5
 81,0,146,-34,90,180,191,56
 82,1,89,-19,84,167,131,64.5
 83,0,146,-34,90,180,191,56
 83,1,87,-19,85,170,129.5,66
 86,0,146,-34,90,180,191,56
 86,1,89,-19,84,167,131,64.5
 87,0,146,-34,90,180,191,56
 88,0,145,-33,88,176,189,55
 89,0,145,-33,88,176,189,55
 90,0,146,-34,90,180,191,56
 91,0,145,-33,88,176,189,55
 91,1,84,-27,92,183,130,64.5
 92,0,146,-34,90,180,191,56
 94,0,146,-34,90,180,191,56
 95,0,146,-34,90,180,191,56
 96,0,146,-34,90,180,191,56
 97,0,144,-33,89,177,188.5,55.5
 98,1,82,-32,95,190,129.5,63
 99,1,82,-32,95,190,129.5,63
 100,2,40,57,72,143,76,128.5
 101,0,146,-34,90,180,191,56
 101,2,42,59,70,139,77,128.5
 102,0,146,-34,90,180,191,56
 102,2,44,58,71,142,79.5,129
 103,0,146,-34,90,180,191,56
 104,0,146,-34,90,180,191,56
 108,0,145,-33,88,176,189,55
 109,0,145,-33,88,176,189,55
 110,2,58,48,74,148,95,122
 111,0,145,-33,88,176,189,55
 111,3,37,-10,111,223,92.5,101.5
 112,0,146,-34,90,180,191,56
 112,2,63,59,69,138,97.5,128
 113,0,145,-33,88,176,189,55
 113,2,64,60,69,138,98.5,129
 114,0,145,-33,88,176,189,55
 114,2,64,60,69,138,98.5,129
 115,0,144,-33,89,177,188.5,55.5
 115,3,52,-4,108,216,106,104
 116,0,145,-33,88,176,189,55
 116,2,63,31,86,173,106,117.5
 117,0,146,-34,90,180,191,56
 117,2,69,38,83,166,110.5,121
 118,0,146,-34,90,180,191,56
 118,2,73,42,81,161,113.5,122.5
 119,0,146,-34,90,180,191,56
 119,2,73,42,81,161,113.5,122.5
 120,2,77,45,77,154,115.5,122
 121,2,79,45,77,153,117.5,121.5
 122,0,145,-33,88,176,189,55
 122,2,80,42,77,154,118.5,119
 123,0,146,-34,90,180,191,56
 123,2,81,41,78,155,120,118.5
 124,0,146,-34,90,180,191,56
 124,2,81,41,78,155,120,118.5
 125,0,145,-33,88,176,189,55
 125,2,81,34,82,164,122,116
 126,0,146,-34,90,180,191,56
 126,2,84,39,78,156,123,117
 127,2,83,31,84,167,125,114.5
 128,0,146,-34,90,180,191,56
 128,2,82,27,87,173,125.5,113.5
 129,0,144,-33,89,177,188.5,55.5
 129,2,83,28,87,173,126.5,114.5
 130,2,84,30,86,171,127,115.5
 131,0,146,-34,90,180,191,56
 131,2,85,30,86,172,128,116
 132,2,90,36,83,167,131.5,119.5
 133,2,90,34,86,171,133,119.5
 134,2,90,34,86,171,133,119.5
 135,2,96,43,77,153,134.5,119.5
 136,0,146,-32,86,172,189,54
 136,2,101,53,71,141,136.5,123.5
 137,2,95,36,82,163,136,117.5
 138,2,100,43,74,148,137,117
 139,2,100,43,74,148,137,117
 140,2,101,45,77,153,139.5,121.5
 141,0,146,-32,86,172,189,54
 141,2,100,39,80,159,140,118.5
 142,2,98,32,85,170,140.5,117
 143,2,97,28,87,174,140.5,115
 144,2,97,28,87,174,140.5,115
 145,2,99,29,87,174,142.5,116
 146,2,103,37,83,166,144.5,120
 147,2,106,39,79,159,145.5,118.5
 148,2,105,37,84,168,147,121
 149,0,146,-32,86,172,189,54
 149,2,107,40,81,162,147.5,121
 150,2,109,39,82,164,150,121
 151,2,111,41,80,160,151,121
 152,2,112,40,78,157,151,118.5
 153,2,114,42,76,152,152,118
 154,2,114,42,76,152,152,118
 155,2,117,44,74,148,154,118
 156,2,118,45,74,147,155,118.5
 157,2,118,42,76,151,156,117.5
 158,2,119,46,73,145,155.5,118.5
 159,2,120,46,73,145,156.5,118.5
 160,2,121,43,73,145,157.5,115.5
 161,2,121,43,73,145,157.5,115.5
 162,2,122,47,72,143,158,118.5
 163,2,122,46,71,142,157.5,117
 164,2,122,45,73,146,158.5,118
 165,2,122,43,74,147,159,116.5
 166,2,124,47,72,143,160,118.5
 167,2,124,45,74,147,161,118.5
 168,2,124,38,76,153,162,114.5
 169,2,124,38,76,153,162,114.5
 170,2,124,34,79,159,163.5,113.5
 171,2,125,33,78,156,164,111
 172,2,127,35,76,153,165,111.5
 172,4,104,-6,69,137,138.5,62.5
 173,2,126,34,79,157,165.5,112.5
 173,4,104,-13,74,148,141,61
 174,2,127,27,82,164,168,109
 174,4,109,-3,67,134,142.5,64
 175,2,127,26,84,168,169,110
 175,4,106,-6,70,139,141,63.5
 176,2,129,26,82,164,170,108
 176,4,104,-13,74,148,141,61
 177,2,130,24,84,168,172,108
 177,4,109,-3,67,134,142.5,64
 178,2,133,32,78,156,172,110
 178,4,104,-12,73,146,140.5,61
 179,2,133,32,78,156,172,110
 179,4,104,-12,73,146,140.5,61
 180,2,135,33,77,153,173.5,109.5
 181,2,136,29,78,156,175,107
 182,2,137,30,77,153,175.5,106.5
 182,4,96,-28,83,165,137.5,54.5
 183,2,139,33,75,150,176.5,108
 184,2,139,33,75,150,176.5,108
 185,2,140,33,76,152,178,109
 186,2,143,35,73,146,179.5,108
 187,2,143,35,74,148,180,109
 188,2,146,36,72,145,182,108.5
 189,2,146,36,72,145,182,108.5
 190,2,145,29,78,155,184,106.5
 191,2,147,34,74,147,184,107.5
 191,4,98,-33,88,175,142,54.5
 191,5,85,0,71,141,120.5,70.5
 192,2,149,39,71,141,184.5,109.5
 192,5,85,0,71,141,120.5,70.5
 193,2,150,41,69,139,184.5,110.5
 193,5,89,-13,76,152,127,63
 194,2,150,41,69,139,184.5,110.5
 194,5,89,-13,76,152,127,63
 195,2,154,42,69,138,188.5,111
 196,2,158,43,67,134,191.5,110
 197,2,159,45,67,134,192.5,112
 197,4,98,-33,88,175,142,54.5
 197,5,84,0,71,141,119.5,70.5
 198,2,159,41,70,139,194,110.5
 199,2,159,41,70,139,194,110.5
 200,2,160,41,69,138,194.5,110
 200,4,98,-33,88,175,142,54.5
 200,5,85,0,71,141,120.5,70.5
 201,2,160,40,70,141,195,110.5
 201,4,98,-33,88,175,142,54.5
 201,5,86,8,67,134,119.5,75
 202,2,161,45,68,137,195,113.5
 202,4,98,-33,88,175,142,54.5
 203,2,164,46,68,135,198,113.5
 203,4,98,-33,88,175,142,54.5
 203,5,86,6,68,136,120,74
 204,2,166,45,67,134,199.5,112
 204,4,98,-33,88,175,142,54.5
 205,2,170,46,67,133,203.5,112.5
 205,4,98,-33,88,175,142,54.5
 206,2,171,42,68,135,205,109.5
 206,4,98,-33,88,175,142,54.5
 207,2,172,44,66,132,205,110
 207,4,98,-33,88,175,142,54.5
 208,2,174,43,66,131,207,108.5
 208,4,98,-33,88,175,142,54.5
 209,2,174,43,67,133,207.5,109.5
 209,4,98,-33,88,175,142,54.5
 209,5,86,11,67,135,119.5,78.5
 210,2,176,44,66,133,209,110.5
 210,4,98,-26,84,168,140,58
 211,2,178,42,68,136,212,110
 211,4,100,-28,85,169,142.5,56.5
 212,2,180,43,67,134,213.5,110
 212,4,90,-19,82,164,131,63
 213,2,181,44,68,136,215,112
 214,2,181,42,69,138,215.5,111
 214,4,91,-24,86,171,134,61.5
 215,2,183,42,68,137,217,110.5
 215,4,90,-19,84,167,132,64.5
 216,2,183,42,68,136,217,110
 217,6,165,-27,108,216,219,81
 218,2,185,42,68,135,219,109.5
 219,2,189,44,67,134,222.5,111
 220,2,190,45,67,134,223.5,112
 223,4,89,-3,70,139,124,66.5
 224,4,91,1,68,136,125,69
 225,7,148,-32,85,170,190.5,53
 226,7,146,-32,86,172,189,54
 227,7,145,-33,88,176,189,55
 228,7,146,-32,86,172,189,54
 230,7,146,-32,86,172,189,54
 231,4,91,1,68,136,125,69
 231,7,148,-32,85,170,190.5,53
 232,4,92,-2,68,137,126,66.5
 233,4,92,-13,74,148,129,61
 234,4,92,-13,74,148,129,61
 235,4,93,-13,74,149,130,61.5
 236,4,91,-13,76,151,129,62.5
 237,4,93,-7,71,142,128.5,64
 238,4,92,-9,71,141,127.5,61.5
 239,4,92,-14,77,154,130.5,63
 239,7,146,-32,86,172,189,54
 240,4,91,-33,88,175,135,54.5
 241,4,92,-14,76,152,130,62
 242,4,94,-5,71,142,129.5,66
 243,4,94,-13,77,153,132.5,63.5
 244,4,93,-12,76,152,131,64
 245,4,94,-14,77,154,132.5,63
 246,4,94,-18,77,154,132.5,59
 247,4,94,-14,77,154,132.5,63
 248,4,94,-24,81,162,134.5,57
 249,4,96,-4,73,146,132.5,69
 251,4,94,-13,74,148,131,61
 252,4,103,-15,74,147,140,58.5
 252,7,146,-32,86,172,189,54
 253,4,98,-12,73,147,134.5,61.5
 253,7,146,-32,86,172,189,54
 254,4,98,-12,73,147,134.5,61.5
 254,7,146,-32,86,172,189,54
 255,4,95,-4,72,144,131,68
 256,4,95,8,65,130,127.5,73
 256,7,146,-32,86,172,189,54
 257,4,94,-24,81,162,134.5,57
 257,7,146,-32,86,172,189,54
 258,4,95,-21,82,163,136,60.5
 258,7,146,-32,86,172,189,54
 259,4,95,-23,80,159,135,56.5
 261,4,95,-23,80,159,135,56.5
 262,4,95,-23,82,163,136,58.5
 263,4,95,-23,81,162,135.5,58
 263,7,146,-32,86,172,189,54
 264,4,95,-23,81,162,135.5,58
 264,7,146,-32,86,172,189,54
 265,4,96,-18,79,158,135.5,61
 265,7,146,-32,86,172,189,54
 266,4,93,-31,89,177,137.5,57.5
 267,7,146,-32,86,172,189,54
 270,4,95,-29,85,170,137.5,56
 271,4,97,-23,81,162,137.5,58
 272,7,146,-32,86,172,189,54
 275,4,101,-3,67,134,134.5,64
 275,7,146,-32,86,172,189,54
 276,4,97,-18,78,155,136,59.5
 277,4,102,-15,76,151,140,60.5
 280,4,102,-22,80,159,142,57.5
 281,4,96,-32,86,172,139,54
 282,4,100,-22,79,158,139.5,57
 283,4,99,-17,78,156,138,61
 284,4,99,-14,76,152,137,62
 285,4,99,-17,78,156,138,61
 287,4,104,-33,88,175,148,54.5
 291,4,106,-32,86,172,149,54
 293,4,108,-16,72,144,144,56
 294,4,108,-16,72,144,144,56
